{
  "advancedEditorSelectedIdentifier" : "ProjectBrowser",
  "openSceneRelativePaths" : [
    "Immersive.usda",
    "Scene.usda",
    "Lab010Scene.usda",
    "Lab011Scene.usda"
  ],
  "recentIdentifiers" : {
    "2A0E68BB-1D35-4AF2-9835-3F346F1688E6" : [

    ],
    "4E7393D3-3FFC-4BFB-8AC2-9243FE94CF44" : [

    ]
  },
  "sceneCameraHistory" : {
    "2A0E68BB-1D35-4AF2-9835-3F346F1688E6" : [
      {
        "date" : 751459318.032888,
        "title" : "Untitled",
        "transform" : [
          0.9997426,
          8.004386e-11,
          -0.022683708,
          0,
          -0.002988437,
          0.99128383,
          -0.13170986,
          0,
          0.02248599,
          0.1317438,
          0.9910287,
          0,
          1.0458955,
          1.5915027,
          0.022760391,
          1
        ]
      },
      {
        "date" : 751459306.129749,
        "title" : "Untitled",
        "transform" : [
          1,
          0,
          0,
          0,
          0,
          0.7071069,
          -0.7071067,
          0,
          0,
          0.7071067,
          0.7071069,
          0,
          1,
          2.261406,
          -1.1147647,
          1
        ]
      },
      {
        "date" : 751457486.593879,
        "title" : "Untitled",
        "transform" : [
          1,
          0,
          0,
          0,
          0,
          0.7071069,
          -0.7071067,
          0,
          0,
          0.7071067,
          0.7071069,
          0,
          1,
          1.8954985,
          -1.6045005,
          1
        ]
      },
      {
        "date" : 751457267.382462,
        "title" : "Untitled",
        "transform" : [
          1,
          0,
          0,
          0,
          0,
          0.7071069,
          -0.70710677,
          0,
          0,
          0.70710677,
          0.7071069,
          0,
          0.019679964,
          2.1952393,
          1.4623413,
          1
        ]
      }
    ],
    "4E7393D3-3FFC-4BFB-8AC2-9243FE94CF44" : [
      {
        "date" : 751922803.546989,
        "title" : "Untitled",
        "transform" : [
          -0.38184118,
          4.4806146e-08,
          -0.924228,
          0,
          -0.103682935,
          0.9936875,
          0.042836327,
          0,
          0.91839385,
          0.112183325,
          -0.3794307,
          0,
          5.4155626,
          1.3495502,
          -1.8488688,
          1
        ]
      },
      {
        "date" : 751922436.128454,
        "title" : "Untitled",
        "transform" : [
          0.5854302,
          4.4244402e-08,
          -0.8107228,
          0,
          -0.07345245,
          0.9958873,
          -0.05304053,
          0,
          0.8073884,
          0.090601094,
          0.58302253,
          0,
          3.5744503,
          1.2338597,
          3.1640954,
          1
        ]
      },
      {
        "date" : 751922418.079549,
        "title" : "Untitled",
        "transform" : [
          -0.5062195,
          3.988111e-08,
          -0.8624047,
          0,
          -0.15526175,
          0.9836605,
          0.091136605,
          0,
          0.84831345,
          0.18003356,
          -0.497948,
          0,
          4.22324,
          1.6571742,
          -1.9309647,
          1
        ]
      },
      {
        "date" : 751922414.032062,
        "title" : "Untitled",
        "transform" : [
          0.033645816,
          2.8703894e-08,
          -0.99943376,
          0,
          0.2438013,
          0.9697905,
          0.008207631,
          0,
          0.9692415,
          -0.24393944,
          0.03262951,
          0,
          4.2180495,
          -0.12646475,
          0.43160138,
          1
        ]
      },
      {
        "date" : 751922378.622056,
        "title" : "Untitled",
        "transform" : [
          0.8083847,
          2.8522233e-08,
          -0.58865446,
          0,
          -0.10641012,
          0.9835257,
          -0.14613026,
          0,
          0.57895666,
          0.18076824,
          0.7950672,
          0,
          2.0622363,
          1.6414433,
          3.3237116,
          1
        ]
      },
      {
        "date" : 751922371.618097,
        "title" : "Untitled",
        "transform" : [
          0.7447151,
          -5.1472e-09,
          -0.6673827,
          0,
          -0.6119149,
          0.39914575,
          -0.68281984,
          0,
          0.266383,
          0.9168875,
          0.29724985,
          0,
          1.4364452,
          5.036017,
          2.0365822,
          1
        ]
      },
      {
        "date" : 751922349.877276,
        "title" : "Untitled",
        "transform" : [
          0.80063224,
          -8.297089e-09,
          -0.5991562,
          0,
          -0.148925,
          0.968617,
          -0.19900341,
          0,
          0.58035284,
          0.24855778,
          0.775506,
          0,
          1.533565,
          1.3126022,
          2.3355732,
          1
        ]
      },
      {
        "date" : 751922334.202151,
        "title" : "Untitled",
        "transform" : [
          0.80063224,
          -8.297089e-09,
          -0.5991562,
          0,
          -0.148925,
          0.968617,
          -0.19900341,
          0,
          0.58035284,
          0.24855778,
          0.775506,
          0,
          1.5064887,
          1.3126022,
          2.3558357,
          1
        ]
      },
      {
        "date" : 751922331.686132,
        "title" : "Untitled",
        "transform" : [
          0.80063224,
          -8.297089e-09,
          -0.5991562,
          0,
          -0.148925,
          0.968617,
          -0.19900341,
          0,
          0.58035284,
          0.24855778,
          0.775506,
          0,
          1.0986598,
          1.2279809,
          1.9887909,
          1
        ]
      },
      {
        "date" : 751922286.099854,
        "title" : "Untitled",
        "transform" : [
          0.96012014,
          -4.9935975e-09,
          -0.27958742,
          0,
          -0.16802986,
          0.79925483,
          -0.57702476,
          0,
          0.22346157,
          0.60099214,
          0.76738083,
          0,
          0.62567973,
          1.7665575,
          2.1214585,
          1
        ]
      }
    ]
  },
  "sceneViewportBackgroundColors" : {

  },
  "selectedSceneRelativePath" : "Lab011Scene.usda"
}