{
  "advancedEditorSelectedIdentifier" : "BehaviorsPluginID",
  "openSceneRelativePaths" : [
    "HandMenuLabs.usda",
    "MaterialSandbox.usda",
    "PhysicsPlayground.usda"
  ],
  "recentIdentifiers" : {
    "031AB4B8-A98D-4B94-9361-640C4AAEFEC5" : [

    ],
    "0521479C-D4B3-482F-BA1B-037E23908C92" : [

    ],
    "07EA2983-9D38-4950-A08B-CC74B611453D" : [

    ],
    "0B1B0589-72ED-4935-8D32-700594B8B644" : [

    ],
    "1605787C-1F17-4706-A47E-4EE3FE226711" : [

    ],
    "2A0E68BB-1D35-4AF2-9835-3F346F1688E6" : [

    ],
    "4DD4B739-3228-4430-A7D5-BA2B683AF7C3" : [

    ],
    "4E7393D3-3FFC-4BFB-8AC2-9243FE94CF44" : [

    ],
    "76613277-49F8-4842-91EC-5363D85CF245" : [

    ],
    "8088479F-CE0C-4853-808C-58DB5763AAFA" : [

    ],
    "835B1610-AB22-4775-95C9-44CD41AE334E" : [

    ],
    "90C235E0-C99C-42E7-9D0D-5E131743A0A7" : [

    ],
    "C5B50F83-0F34-4891-8072-A6408510F3B3" : [

    ],
    "D19CE1CC-1DEB-42EB-BE41-BD27D3C10D80" : [

    ],
    "EF7EEC0C-5DBF-4E32-8A84-4A83A2B4924D" : [

    ],
    "FD04FE75-518A-4DD4-8641-074C2294C245" : [

    ],
    "FD46CB38-D383-49B0-BECF-828C0268C32B" : [

    ]
  },
  "sceneCameraHistory" : {
    "031AB4B8-A98D-4B94-9361-640C4AAEFEC5" : [
      {
        "date" : 757977722.025484,
        "title" : "Untitled",
        "transform" : [
          0.9988169,
          2.6534908e-09,
          0.048629336,
          0,
          0.031893402,
          0.7548936,
          -0.6550714,
          0,
          -0.036709942,
          0.65584725,
          0.7540005,
          0,
          -0.03225189,
          0.7949329,
          0.7366914,
          1
        ]
      },
      {
        "date" : 756173726.512308,
        "title" : "Untitled",
        "transform" : [
          0.99775976,
          -9.912531e-10,
          0.066898584,
          0,
          0.032065254,
          0.8776449,
          -0.4782376,
          0,
          -0.0587132,
          0.47931138,
          0.8756788,
          0,
          -0.055955295,
          0.6189241,
          0.88852394,
          1
        ]
      },
      {
        "date" : 756173718.422533,
        "title" : "Untitled",
        "transform" : [
          0.99775976,
          -9.912531e-10,
          0.066898584,
          0,
          0.032065254,
          0.8776449,
          -0.4782376,
          0,
          -0.0587132,
          0.47931138,
          0.8756788,
          0,
          -0.05828926,
          0.64474016,
          0.9255853,
          1
        ]
      },
      {
        "date" : 756173614.262766,
        "title" : "Untitled",
        "transform" : [
          0.99775976,
          -9.912531e-10,
          0.066898584,
          0,
          0.032065254,
          0.8776449,
          -0.4782376,
          0,
          -0.0587132,
          0.47931138,
          0.8756788,
          0,
          -0.039448597,
          0.43634275,
          0.62641114,
          1
        ]
      },
      {
        "date" : 756173613.188203,
        "title" : "Untitled",
        "transform" : [
          0.99775976,
          -9.912531e-10,
          0.066898584,
          0,
          0.032065254,
          0.8776449,
          -0.4782376,
          0,
          -0.0587132,
          0.47931138,
          0.8756788,
          0,
          -0.039471213,
          0.43659288,
          0.62677026,
          1
        ]
      },
      {
        "date" : 756173611.840182,
        "title" : "Untitled",
        "transform" : [
          0.99775976,
          -9.912531e-10,
          0.066898584,
          0,
          0.032065254,
          0.8776449,
          -0.4782376,
          0,
          -0.0587132,
          0.47931138,
          0.8756788,
          0,
          -0.039426345,
          0.4360966,
          0.6260578,
          1
        ]
      },
      {
        "date" : 756173609.771343,
        "title" : "Untitled",
        "transform" : [
          0.99775976,
          -9.912531e-10,
          0.066898584,
          0,
          0.032065254,
          0.8776449,
          -0.4782376,
          0,
          -0.0587132,
          0.47931138,
          0.8756788,
          0,
          -0.05229853,
          0.5784764,
          0.83045745,
          1
        ]
      },
      {
        "date" : 756173606.986434,
        "title" : "Untitled",
        "transform" : [
          0.99775976,
          -9.912531e-10,
          0.066898584,
          0,
          0.032065254,
          0.8776449,
          -0.4782376,
          0,
          -0.0587132,
          0.47931138,
          0.8756788,
          0,
          0.07454653,
          0.43630052,
          0.91678363,
          1
        ]
      },
      {
        "date" : 756173605.592335,
        "title" : "Untitled",
        "transform" : [
          0.99775976,
          -9.912531e-10,
          0.066898584,
          0,
          0.032065254,
          0.8776449,
          -0.4782376,
          0,
          -0.0587132,
          0.47931138,
          0.8756788,
          0,
          0.027599853,
          0.58448434,
          0.832526,
          1
        ]
      },
      {
        "date" : 756173560.640516,
        "title" : "Untitled",
        "transform" : [
          0.99775976,
          -9.912531e-10,
          0.066898584,
          0,
          0.032065254,
          0.8776449,
          -0.4782376,
          0,
          -0.0587132,
          0.47931138,
          0.8756788,
          0,
          -0.062265683,
          0.4302926,
          0.9108989,
          1
        ]
      }
    ],
    "07EA2983-9D38-4950-A08B-CC74B611453D" : [
      {
        "date" : 755556972.957956,
        "title" : "Untitled",
        "transform" : [
          0.45578656,
          4.3765272e-08,
          -0.89008915,
          0,
          -0.49405622,
          0.83180785,
          -0.25299048,
          0,
          0.74038297,
          0.5550638,
          0.37912682,
          0,
          3.287306,
          2.3007805,
          -0.15364522,
          1
        ]
      },
      {
        "date" : 755556884.397122,
        "title" : "Untitled",
        "transform" : [
          0.9234348,
          4.7928435e-08,
          -0.38375556,
          0,
          -0.15306875,
          0.91700745,
          -0.36833054,
          0,
          0.35190663,
          0.3988702,
          0.8467964,
          0,
          2.2497187,
          1.8557894,
          1.2536256,
          1
        ]
      },
      {
        "date" : 755556862.580196,
        "title" : "Untitled",
        "transform" : [
          0.93023306,
          5.572663e-08,
          -0.36696926,
          0,
          -0.23475195,
          0.768621,
          -0.59507424,
          0,
          0.2820602,
          0.63970447,
          0.71499664,
          0,
          2.08316,
          2.5386214,
          0.9576541,
          1
        ]
      },
      {
        "date" : 755556828.596418,
        "title" : "Untitled",
        "transform" : [
          0.93023306,
          5.572663e-08,
          -0.36696926,
          0,
          -0.23475195,
          0.768621,
          -0.59507424,
          0,
          0.2820602,
          0.63970447,
          0.71499664,
          0,
          1.5913749,
          2.2222095,
          0.4831003,
          1
        ]
      },
      {
        "date" : 755556824.29738,
        "title" : "Untitled",
        "transform" : [
          0.542351,
          1.14399885e-08,
          -0.84015197,
          0,
          -0.69134724,
          0.5682102,
          -0.44629166,
          0,
          0.4773829,
          0.8228834,
          0.3081694,
          0,
          2.0189416,
          2.6066551,
          -0.3492133,
          1
        ]
      },
      {
        "date" : 755556806.797455,
        "title" : "Untitled",
        "transform" : [
          0.89462715,
          5.572468e-08,
          -0.44681343,
          0,
          -0.123998985,
          0.9607204,
          -0.2482754,
          0,
          0.42926276,
          0.2775183,
          0.8594865,
          0,
          1.8778281,
          1.4788074,
          0.7444966,
          1
        ]
      },
      {
        "date" : 755556790.281605,
        "title" : "Untitled",
        "transform" : [
          0.89462715,
          5.572468e-08,
          -0.44681343,
          0,
          -0.123998985,
          0.9607204,
          -0.2482754,
          0,
          0.42926276,
          0.2775183,
          0.8594865,
          0,
          1.1679074,
          1.0915843,
          -0.66631985,
          1
        ]
      },
      {
        "date" : 755556787.985022,
        "title" : "Untitled",
        "transform" : [
          0.37057504,
          6.315502e-08,
          -0.9288025,
          0,
          -0.58581996,
          0.7760057,
          -0.23373127,
          0,
          0.720756,
          0.630726,
          0.28756833,
          0,
          1.2865767,
          1.2302132,
          -0.8868689,
          1
        ]
      },
      {
        "date" : 755391776.790046,
        "title" : "Untitled",
        "transform" : [
          0.37057504,
          6.315502e-08,
          -0.9288025,
          0,
          -0.58581996,
          0.7760057,
          -0.23373128,
          0,
          0.720756,
          0.630726,
          0.28756833,
          0,
          0.2545502,
          0.19674462,
          0.09235597,
          1
        ]
      },
      {
        "date" : 755389023.846427,
        "title" : "Untitled",
        "transform" : [
          0.37057504,
          3.3352702e-08,
          -0.9288025,
          0,
          -0.5858199,
          0.7760057,
          -0.2337313,
          0,
          0.72075605,
          0.630726,
          0.28756836,
          0,
          0.15272951,
          1.1180468,
          -1.9445868,
          1
        ]
      }
    ],
    "0B1B0589-72ED-4935-8D32-700594B8B644" : [
      {
        "date" : 756080546.05931,
        "title" : "Untitled",
        "transform" : [
          0.6593089,
          1.7958856e-08,
          -0.7518721,
          0,
          -0.51798785,
          0.7248272,
          -0.4542182,
          0,
          0.5449773,
          0.6889308,
          0.47788504,
          0,
          2.2995486,
          2.4683604,
          1.0483578,
          1
        ]
      },
      {
        "date" : 756080539.074402,
        "title" : "Untitled",
        "transform" : [
          0.6593089,
          1.7958856e-08,
          -0.7518721,
          0,
          -0.51798785,
          0.7248272,
          -0.4542182,
          0,
          0.5449773,
          0.6889308,
          0.47788504,
          0,
          1.88043,
          2.1229217,
          2.024312,
          1
        ]
      },
      {
        "date" : 756080534.839369,
        "title" : "Untitled",
        "transform" : [
          0.08057588,
          1.7617893e-08,
          -0.99674845,
          0,
          -0.6360194,
          0.7699583,
          -0.051414996,
          0,
          0.76745474,
          0.6380942,
          0.0620401,
          0,
          3.6401029,
          1.8750826,
          0.28261137,
          1
        ]
      },
      {
        "date" : 756080531.309191,
        "title" : "Untitled",
        "transform" : [
          0.080575906,
          1.1467233e-08,
          -0.9967483,
          0,
          -0.63601935,
          0.76995826,
          -0.051415015,
          0,
          0.76745474,
          0.6380941,
          0.06204013,
          0,
          2.7025197,
          1.9844317,
          0.28592217,
          1
        ]
      },
      {
        "date" : 756079436.8896,
        "title" : "Untitled",
        "transform" : [
          0.24159256,
          1.1416423e-08,
          -0.97037774,
          0,
          -0.029140584,
          0.999549,
          -0.0072550466,
          0,
          0.9699401,
          0.03003014,
          0.24148363,
          0,
          3.664165,
          -0.38802516,
          1.014156,
          1
        ]
      },
      {
        "date" : 756079434.705646,
        "title" : "Untitled",
        "transform" : [
          0.24159248,
          1.105882e-08,
          -0.9703778,
          0,
          -0.029140584,
          0.999549,
          -0.0072550457,
          0,
          0.9699401,
          0.030030137,
          0.2414835,
          0,
          0.1699503,
          -1.1022995,
          -1.2473043,
          1
        ]
      },
      {
        "date" : 756079428.201702,
        "title" : "Untitled",
        "transform" : [
          0.25378862,
          1.105882e-08,
          -0.9672597,
          0,
          -0.029046947,
          0.999549,
          -0.007621297,
          0,
          0.9668235,
          0.03003014,
          0.25367415,
          0,
          0.17179775,
          -1.0526903,
          -1.1522394,
          1
        ]
      },
      {
        "date" : 756079426.006741,
        "title" : "Untitled",
        "transform" : [
          0.25378865,
          1.1267819e-08,
          -0.9672597,
          0,
          -0.029046923,
          0.99954903,
          -0.007621392,
          0,
          0.9668234,
          0.030030077,
          0.25367433,
          0,
          5.8982472,
          1.1721165,
          0.9052757,
          1
        ]
      },
      {
        "date" : 756079424.021808,
        "title" : "Untitled",
        "transform" : [
          0.25378865,
          1.1267819e-08,
          -0.9672597,
          0,
          -0.02904692,
          0.9995489,
          -0.007621391,
          0,
          0.9668234,
          0.030030077,
          0.25367433,
          0,
          3.8016691,
          0.3754479,
          0.20042777,
          1
        ]
      },
      {
        "date" : 756079393.693451,
        "title" : "Untitled",
        "transform" : [
          0.26933542,
          1.4261634e-08,
          -0.96304643,
          0,
          -0.21666618,
          0.9743633,
          -0.06059517,
          0,
          0.9383571,
          0.22497997,
          0.2624307,
          0,
          3.445764,
          2.8128526,
          0.30990696,
          1
        ]
      }
    ],
    "1605787C-1F17-4706-A47E-4EE3FE226711" : [
      {
        "date" : 757979447.112909,
        "title" : "Untitled",
        "transform" : [
          1,
          0,
          0,
          0,
          0,
          0.7071069,
          -0.7071067,
          0,
          0,
          0.7071067,
          0.7071069,
          0,
          1,
          3.6841488,
          0.7841476,
          1
        ]
      },
      {
        "date" : 757979432.629384,
        "title" : "Untitled",
        "transform" : [
          1,
          0,
          -0,
          0,
          -0,
          0.7071069,
          -0.7071067,
          0,
          0,
          0.7071067,
          0.7071069,
          0,
          1,
          1.7989607,
          -1.1010392,
          1
        ]
      }
    ],
    "2A0E68BB-1D35-4AF2-9835-3F346F1688E6" : [
      {
        "date" : 753062386.607864,
        "title" : "Untitled",
        "transform" : [
          0.9997426,
          8.004386e-11,
          -0.022683708,
          0,
          -0.002988437,
          0.99128383,
          -0.13170986,
          0,
          0.02248599,
          0.1317438,
          0.9910287,
          0,
          0.23597062,
          1.2213674,
          0.45245793,
          1
        ]
      },
      {
        "date" : 751459318.032888,
        "title" : "Untitled",
        "transform" : [
          0.9997426,
          8.004386e-11,
          -0.022683708,
          0,
          -0.002988437,
          0.99128383,
          -0.13170986,
          0,
          0.02248599,
          0.1317438,
          0.9910287,
          0,
          1.0458955,
          1.5915027,
          0.022760391,
          1
        ]
      },
      {
        "date" : 751459306.129749,
        "title" : "Untitled",
        "transform" : [
          1,
          0,
          0,
          0,
          0,
          0.7071069,
          -0.7071067,
          0,
          0,
          0.7071067,
          0.7071069,
          0,
          1,
          2.261406,
          -1.1147647,
          1
        ]
      },
      {
        "date" : 751457486.593879,
        "title" : "Untitled",
        "transform" : [
          1,
          0,
          0,
          0,
          0,
          0.7071069,
          -0.7071067,
          0,
          0,
          0.7071067,
          0.7071069,
          0,
          1,
          1.8954985,
          -1.6045005,
          1
        ]
      },
      {
        "date" : 751457267.382462,
        "title" : "Untitled",
        "transform" : [
          1,
          0,
          0,
          0,
          0,
          0.7071069,
          -0.70710677,
          0,
          0,
          0.70710677,
          0.7071069,
          0,
          0.019679964,
          2.1952393,
          1.4623413,
          1
        ]
      }
    ],
    "4DD4B739-3228-4430-A7D5-BA2B683AF7C3" : [
      {
        "date" : 755727516.395232,
        "title" : "Untitled",
        "transform" : [
          0.9998479,
          1.2677326e-09,
          -0.017445087,
          0,
          -0.0008371813,
          0.99884784,
          -0.047982696,
          0,
          0.01742499,
          0.047989987,
          0.9986958,
          0,
          0.029991329,
          0.3982757,
          1.7189245,
          1
        ]
      },
      {
        "date" : 755727481.614509,
        "title" : "Untitled",
        "transform" : [
          0.98216176,
          1.1502883e-09,
          -0.1880382,
          0,
          0.012595459,
          0.9977541,
          0.0657886,
          0,
          0.18761587,
          -0.066983484,
          0.97995585,
          0,
          0.31400466,
          0.2031167,
          1.6401103,
          1
        ]
      },
      {
        "date" : 755727442.957894,
        "title" : "Untitled",
        "transform" : [
          0.9665093,
          6.880208e-10,
          -0.2566317,
          0,
          -0.016868757,
          0.99783736,
          -0.06353003,
          0,
          0.2560767,
          0.06573141,
          0.96441907,
          0,
          0.41860202,
          0.42264906,
          1.5765113,
          1
        ]
      },
      {
        "date" : 755727414.601992,
        "title" : "Untitled",
        "transform" : [
          0.9682355,
          7.2978246e-10,
          -0.25004008,
          0,
          -0.014495886,
          0.998318,
          -0.056132767,
          0,
          0.2496195,
          0.057974283,
          0.9666069,
          0,
          0.4075032,
          0.40997714,
          1.5779833,
          1
        ]
      },
      {
        "date" : 755727372.724388,
        "title" : "Untitled",
        "transform" : [
          0.98300576,
          -1.6708026e-09,
          -0.18357469,
          0,
          -0.053566687,
          0.95648,
          -0.28683892,
          0,
          0.17558554,
          0.29179782,
          0.9402255,
          0,
          0.2961931,
          0.7979162,
          1.5860548,
          1
        ]
      },
      {
        "date" : 755727359.591844,
        "title" : "Untitled",
        "transform" : [
          0.9992794,
          -9.743695e-10,
          -0.03795689,
          0,
          -0.005686486,
          0.98871416,
          -0.1497064,
          0,
          0.03752851,
          0.14981435,
          0.9880016,
          0,
          0.060204133,
          0.5643717,
          1.5849757,
          1
        ]
      },
      {
        "date" : 755727353.94347,
        "title" : "Untitled",
        "transform" : [
          0.998928,
          -5.9934957e-10,
          -0.04629063,
          0,
          0.0023562363,
          0.9987037,
          0.05084636,
          0,
          0.046230618,
          -0.05090093,
          0.9976331,
          0,
          0.07220325,
          0.24665785,
          1.5581092,
          1
        ]
      },
      {
        "date" : 755727341.650823,
        "title" : "Untitled",
        "transform" : [
          0.9996756,
          -1.5063267e-10,
          -0.025471086,
          0,
          0.0054287915,
          0.97702265,
          0.21306631,
          0,
          0.024885828,
          -0.21313547,
          0.9767057,
          0,
          0.039532106,
          -0.0088657,
          1.551535,
          1
        ]
      },
      {
        "date" : 755727320.551949,
        "title" : "Untitled",
        "transform" : [
          0.99134827,
          -5.646883e-10,
          -0.13125785,
          0,
          0.061820406,
          0.88214153,
          0.46690962,
          0,
          0.115788,
          -0.47098446,
          0.8745095,
          0,
          0.31453377,
          0.5097855,
          2.3755724,
          1
        ]
      },
      {
        "date" : 755727305.160539,
        "title" : "Untitled",
        "transform" : [
          0.8916556,
          -3.3469427e-10,
          -0.45271453,
          0,
          -0.05975839,
          0.9912497,
          -0.11769868,
          0,
          0.44875315,
          0.13200004,
          0.8838534,
          0,
          1.1426688,
          0.34667763,
          2.2505724,
          1
        ]
      }
    ],
    "4E7393D3-3FFC-4BFB-8AC2-9243FE94CF44" : [
      {
        "date" : 751922803.546989,
        "title" : "Untitled",
        "transform" : [
          -0.38184118,
          4.4806146e-08,
          -0.924228,
          0,
          -0.103682935,
          0.9936875,
          0.042836327,
          0,
          0.91839385,
          0.112183325,
          -0.3794307,
          0,
          5.4155626,
          1.3495502,
          -1.8488688,
          1
        ]
      },
      {
        "date" : 751922436.128454,
        "title" : "Untitled",
        "transform" : [
          0.5854302,
          4.4244402e-08,
          -0.8107228,
          0,
          -0.07345245,
          0.9958873,
          -0.05304053,
          0,
          0.8073884,
          0.090601094,
          0.58302253,
          0,
          3.5744503,
          1.2338597,
          3.1640954,
          1
        ]
      },
      {
        "date" : 751922418.079549,
        "title" : "Untitled",
        "transform" : [
          -0.5062195,
          3.988111e-08,
          -0.8624047,
          0,
          -0.15526175,
          0.9836605,
          0.091136605,
          0,
          0.84831345,
          0.18003356,
          -0.497948,
          0,
          4.22324,
          1.6571742,
          -1.9309647,
          1
        ]
      },
      {
        "date" : 751922414.032062,
        "title" : "Untitled",
        "transform" : [
          0.033645816,
          2.8703894e-08,
          -0.99943376,
          0,
          0.2438013,
          0.9697905,
          0.008207631,
          0,
          0.9692415,
          -0.24393944,
          0.03262951,
          0,
          4.2180495,
          -0.12646475,
          0.43160138,
          1
        ]
      },
      {
        "date" : 751922378.622056,
        "title" : "Untitled",
        "transform" : [
          0.8083847,
          2.8522233e-08,
          -0.58865446,
          0,
          -0.10641012,
          0.9835257,
          -0.14613026,
          0,
          0.57895666,
          0.18076824,
          0.7950672,
          0,
          2.0622363,
          1.6414433,
          3.3237116,
          1
        ]
      },
      {
        "date" : 751922371.618097,
        "title" : "Untitled",
        "transform" : [
          0.7447151,
          -5.1472e-09,
          -0.6673827,
          0,
          -0.6119149,
          0.39914575,
          -0.68281984,
          0,
          0.266383,
          0.9168875,
          0.29724985,
          0,
          1.4364452,
          5.036017,
          2.0365822,
          1
        ]
      },
      {
        "date" : 751922349.877276,
        "title" : "Untitled",
        "transform" : [
          0.80063224,
          -8.297089e-09,
          -0.5991562,
          0,
          -0.148925,
          0.968617,
          -0.19900341,
          0,
          0.58035284,
          0.24855778,
          0.775506,
          0,
          1.533565,
          1.3126022,
          2.3355732,
          1
        ]
      },
      {
        "date" : 751922334.202151,
        "title" : "Untitled",
        "transform" : [
          0.80063224,
          -8.297089e-09,
          -0.5991562,
          0,
          -0.148925,
          0.968617,
          -0.19900341,
          0,
          0.58035284,
          0.24855778,
          0.775506,
          0,
          1.5064887,
          1.3126022,
          2.3558357,
          1
        ]
      },
      {
        "date" : 751922331.686132,
        "title" : "Untitled",
        "transform" : [
          0.80063224,
          -8.297089e-09,
          -0.5991562,
          0,
          -0.148925,
          0.968617,
          -0.19900341,
          0,
          0.58035284,
          0.24855778,
          0.775506,
          0,
          1.0986598,
          1.2279809,
          1.9887909,
          1
        ]
      },
      {
        "date" : 751922286.099854,
        "title" : "Untitled",
        "transform" : [
          0.96012014,
          -4.9935975e-09,
          -0.27958742,
          0,
          -0.16802986,
          0.79925483,
          -0.57702476,
          0,
          0.22346157,
          0.60099214,
          0.76738083,
          0,
          0.62567973,
          1.7665575,
          2.1214585,
          1
        ]
      }
    ],
    "6A4899BA-6C06-45FC-9E6F-8C808AD446BD" : [
      {
        "date" : 756298351.028485,
        "title" : "Untitled",
        "transform" : [
          0.99285865,
          3.33486e-11,
          0.119297184,
          0,
          0.057912234,
          0.8742671,
          -0.48197848,
          0,
          -0.10429761,
          0.48544523,
          0.86802363,
          0,
          0.13679096,
          1.2318226,
          -0.5206843,
          1
        ]
      },
      {
        "date" : 756298348.548178,
        "title" : "Untitled",
        "transform" : [
          0.99965954,
          2.7475155e-10,
          -0.026093956,
          0,
          -0.015640851,
          0.80044585,
          -0.599201,
          0,
          0.020886797,
          0.5994051,
          0.80017334,
          0,
          0.20399146,
          1.291943,
          -0.5812473,
          1
        ]
      },
      {
        "date" : 756298338.862105,
        "title" : "Untitled",
        "transform" : [
          0.9996595,
          -3.1821584e-10,
          -0.026093956,
          0,
          -0.015640855,
          0.80044585,
          -0.599201,
          0,
          0.0208868,
          0.59940517,
          0.8001732,
          0,
          0.076241195,
          1.4182403,
          1.9247143,
          1
        ]
      }
    ],
    "76613277-49F8-4842-91EC-5363D85CF245" : [
      {
        "date" : 755352633.97675,
        "title" : "Untitled",
        "transform" : [
          0.9962776,
          1.5359038e-09,
          -0.08620241,
          0,
          -0.011700021,
          0.99074626,
          -0.13522208,
          0,
          0.08540472,
          0.13572735,
          0.98705834,
          0,
          0.90019494,
          1.4306283,
          10.40404,
          1
        ]
      },
      {
        "date" : 755352626.75543,
        "title" : "Untitled",
        "transform" : [
          1,
          0,
          0,
          0,
          0,
          0.7071069,
          -0.7071067,
          0,
          0,
          0.7071067,
          0.7071069,
          0,
          -9.269903e-06,
          7.453224,
          7.453224,
          1
        ]
      },
      {
        "date" : 755352536.258134,
        "title" : "Untitled",
        "transform" : [
          1,
          0,
          -0,
          0,
          -0,
          0.7071069,
          -0.7071067,
          0,
          0,
          0.7071067,
          0.7071069,
          0,
          -1.1920929e-07,
          0.09584713,
          0.09584713,
          1
        ]
      }
    ],
    "76BD64D0-AFD9-4859-B3CB-B4DEB8DBAC32" : [
      {
        "date" : 758379065.800779,
        "title" : "Untitled",
        "transform" : [
          0.96411633,
          -2.2635263e-09,
          0.2654805,
          0,
          0.06787029,
          0.96676916,
          -0.24647698,
          0,
          -0.25665832,
          0.25565067,
          0.93207794,
          0,
          -0.073626645,
          0.08815905,
          0.2652493,
          1
        ]
      },
      {
        "date" : 758379059.642797,
        "title" : "Untitled",
        "transform" : [
          0.9583554,
          -2.5005384e-09,
          -0.28557825,
          0,
          -0.009739478,
          0.9994182,
          -0.032684233,
          0,
          0.28541213,
          0.034104444,
          0.9577979,
          0,
          0.08170206,
          0.024690766,
          0.2761616,
          1
        ]
      },
      {
        "date" : 758379017.521964,
        "title" : "Untitled",
        "transform" : [
          0.98466945,
          -1.69688e-09,
          0.17443107,
          0,
          0.017424727,
          0.994998,
          -0.098363064,
          0,
          -0.17355852,
          0.099894464,
          0.97974414,
          0,
          -0.050399393,
          0.04361657,
          0.28126073,
          1
        ]
      },
      {
        "date" : 758378979.116469,
        "title" : "Untitled",
        "transform" : [
          0.99993056,
          -2.8577463e-10,
          -0.011786621,
          0,
          -0.00998158,
          0.53182065,
          -0.8467981,
          0,
          0.0062683695,
          0.846857,
          0.53178376,
          0,
          0.0010951161,
          0.25236034,
          0.14093673,
          1
        ]
      },
      {
        "date" : 758378963.709449,
        "title" : "Untitled",
        "transform" : [
          0.99993056,
          -7.965503e-12,
          -0.01178662,
          0,
          -0.009981582,
          0.5318208,
          -0.84679824,
          0,
          0.00626837,
          0.846857,
          0.5317839,
          0,
          0.016211882,
          2.190226,
          1.3753526,
          1
        ]
      }
    ],
    "8088479F-CE0C-4853-808C-58DB5763AAFA" : [
      {
        "date" : 758580867.678052,
        "title" : "Untitled",
        "transform" : [
          0.9990667,
          -4.8145767e-09,
          0.043192964,
          0,
          0.001512988,
          0.99938637,
          -0.034995843,
          0,
          -0.04316647,
          0.03502854,
          0.9984537,
          0,
          0.09406045,
          0.710488,
          2.192507,
          1
        ]
      },
      {
        "date" : 758580856.165804,
        "title" : "Untitled",
        "transform" : [
          0.85315615,
          -2.9735912e-09,
          -0.52165556,
          0,
          0.118629545,
          0.97379917,
          0.194016,
          0,
          0.50798774,
          -0.2274097,
          0.83080274,
          0,
          -0.17092967,
          -0.39644328,
          -0.7782844,
          1
        ]
      },
      {
        "date" : 758580849.234356,
        "title" : "Untitled",
        "transform" : [
          0.85315615,
          -2.9735912e-09,
          -0.52165556,
          0,
          0.118629545,
          0.97379917,
          0.194016,
          0,
          0.50798774,
          -0.2274097,
          0.83080274,
          0,
          0.9329208,
          -0.89060056,
          1.0270394,
          1
        ]
      },
      {
        "date" : 758576765.385895,
        "title" : "Untitled",
        "transform" : [
          0.85315615,
          -2.9735912e-09,
          -0.52165556,
          0,
          0.118629545,
          0.97379917,
          0.194016,
          0,
          0.50798774,
          -0.2274097,
          0.83080274,
          0,
          0.07958603,
          -0.027275741,
          0.1387682,
          1
        ]
      },
      {
        "date" : 758575804.875043,
        "title" : "Untitled",
        "transform" : [
          0.8531561,
          9.645689e-10,
          -0.52165556,
          0,
          0.11862954,
          0.97379917,
          0.194016,
          0,
          0.5079878,
          -0.22740969,
          0.83080274,
          0,
          1.5763557,
          -0.7056835,
          2.5780952,
          1
        ]
      },
      {
        "date" : 758575797.337158,
        "title" : "Untitled",
        "transform" : [
          1,
          0,
          0,
          0,
          0,
          1,
          0,
          0,
          0,
          0,
          1,
          0,
          5.2154064e-08,
          0,
          3.1031373,
          1
        ]
      },
      {
        "date" : 758575521.551668,
        "title" : "Untitled",
        "transform" : [
          1,
          0,
          0,
          0,
          0,
          1,
          0,
          0,
          0,
          0,
          1,
          0,
          -0.058168113,
          0.61114097,
          2.0007858,
          1
        ]
      },
      {
        "date" : 758575340.639677,
        "title" : "Untitled",
        "transform" : [
          -0.6916452,
          -8.164048e-08,
          -0.72223735,
          0,
          -0.14171274,
          0.9805612,
          0.13571,
          0,
          0.7081981,
          0.1962134,
          -0.6782004,
          0,
          2.189925,
          0.6812712,
          -1.5808682,
          1
        ]
      },
      {
        "date" : 758575325.071379,
        "title" : "Untitled",
        "transform" : [
          0.006785141,
          -7.2098615e-08,
          -0.99997693,
          0,
          -0.48309895,
          0.87555957,
          -0.0032780524,
          0,
          0.8755394,
          0.48311007,
          0.005940839,
          0,
          3.3223622,
          1.4478979,
          -0.025259765,
          1
        ]
      },
      {
        "date" : 758575283.285223,
        "title" : "Untitled",
        "transform" : [
          -0.47461435,
          -2.8405145e-09,
          -0.8801939,
          0,
          -0.30667508,
          0.93733937,
          0.165364,
          0,
          0.8250404,
          0.34841767,
          -0.4448747,
          0,
          2.4743626,
          1.4144793,
          -1.708596,
          1
        ]
      }
    ],
    "835B1610-AB22-4775-95C9-44CD41AE334E" : [
      {
        "date" : 753141218.028161,
        "title" : "Untitled",
        "transform" : [
          1,
          0,
          0,
          0,
          0,
          0.7071069,
          -0.70710677,
          0,
          0,
          0.70710677,
          0.7071069,
          0,
          -0.09382945,
          2.620812,
          1.0367687,
          1
        ]
      }
    ],
    "90C235E0-C99C-42E7-9D0D-5E131743A0A7" : [
      {
        "date" : 755353445.859996,
        "title" : "Untitled",
        "transform" : [
          0.9857555,
          6.790263e-09,
          -0.16818495,
          0,
          -0.09211435,
          0.83667684,
          -0.53989506,
          0,
          0.14071646,
          0.5476968,
          0.8247587,
          0,
          5.1350403,
          44.32749,
          29.703178,
          1
        ]
      },
      {
        "date" : 755216499.299407,
        "title" : "Untitled",
        "transform" : [
          1,
          0,
          0,
          0,
          0,
          1,
          0,
          0,
          0,
          0,
          1,
          0,
          0.0042504077,
          1.3199173,
          3.174918,
          1
        ]
      },
      {
        "date" : 755216315.538015,
        "title" : "Untitled",
        "transform" : [
          1,
          0,
          0,
          0,
          0,
          1,
          0,
          0,
          0,
          0,
          1,
          0,
          1.2342423e-07,
          1.3185633,
          3.1572485,
          1
        ]
      },
      {
        "date" : 755216309.603987,
        "title" : "Untitled",
        "transform" : [
          0.7939985,
          4.2528313e-08,
          0.60791963,
          0,
          0.31314108,
          0.85712844,
          -0.4089909,
          0,
          -0.52106524,
          0.51510274,
          0.68055874,
          0,
          -0.64910424,
          3.29318,
          4.517149,
          1
        ]
      },
      {
        "date" : 755215294.19434,
        "title" : "Untitled",
        "transform" : [
          -0.052155793,
          3.2462598e-08,
          -0.9986389,
          0,
          -0.17853807,
          0.98388886,
          0.009324522,
          0,
          0.9825497,
          0.17878139,
          -0.051315535,
          0,
          5.5235043,
          1.7644789,
          -0.06612617,
          1
        ]
      },
      {
        "date" : 755188470.789112,
        "title" : "Untitled",
        "transform" : [
          -0.052155793,
          3.2462598e-08,
          -0.9986389,
          0,
          -0.17853807,
          0.98388886,
          0.009324522,
          0,
          0.9825497,
          0.17878139,
          -0.051315535,
          0,
          5.5150547,
          1.7253463,
          -0.36425835,
          1
        ]
      },
      {
        "date" : 755188465.495245,
        "title" : "Untitled",
        "transform" : [
          -0.06128499,
          3.1574455e-08,
          -0.99812025,
          0,
          -0.38142642,
          0.9241025,
          0.023419771,
          0,
          0.9223655,
          0.38214475,
          -0.056633636,
          0,
          5.201487,
          2.6453571,
          -0.38597128,
          1
        ]
      },
      {
        "date" : 755188216.430855,
        "title" : "Untitled",
        "transform" : [
          -0.015583444,
          3.150455e-08,
          -0.9998785,
          0,
          -0.17118114,
          0.985236,
          0.002667953,
          0,
          0.98511636,
          0.17120193,
          -0.015353403,
          0,
          5.665328,
          1.4430729,
          -0.15477687,
          1
        ]
      },
      {
        "date" : 755186099.534676,
        "title" : "Untitled",
        "transform" : [
          0.18838604,
          3.11127e-08,
          -0.982095,
          0,
          -0.5754184,
          0.8103768,
          -0.110377066,
          0,
          0.7958671,
          0.5859091,
          0.15266368,
          0,
          4.483507,
          3.3772502,
          0.60276407,
          1
        ]
      },
      {
        "date" : 755186085.277958,
        "title" : "Untitled",
        "transform" : [
          0.18838604,
          3.11127e-08,
          -0.982095,
          0,
          -0.5754184,
          0.8103768,
          -0.110377066,
          0,
          0.7958671,
          0.5859091,
          0.15266368,
          0,
          0.6205354,
          0.467425,
          0.083424985,
          1
        ]
      }
    ],
    "EF7EEC0C-5DBF-4E32-8A84-4A83A2B4924D" : [
      {
        "date" : 754944739.302992,
        "title" : "Untitled",
        "transform" : [
          0.9103317,
          -9.192744e-09,
          -0.41387928,
          0,
          -0.23080942,
          0.8300606,
          -0.50766766,
          0,
          0.3435449,
          0.55767316,
          0.75563055,
          0,
