{
  "advancedEditorSelectedIdentifier" : "ProjectBrowser",
  "openSceneRelativePaths" : [
    "JiggleLabs.usda",
    "Lab012Scene.usda",
    "Lab013Scene.usda",
    "BuildingBlocks\/StepSphereRed.usda",
    "Lab016Scene.usda"
  ],
  "recentIdentifiers" : {
    "0521479C-D4B3-482F-BA1B-037E23908C92" : [

    ],
    "07EA2983-9D38-4950-A08B-CC74B611453D" : [

    ],
    "2A0E68BB-1D35-4AF2-9835-3F346F1688E6" : [

    ],
    "4E7393D3-3FFC-4BFB-8AC2-9243FE94CF44" : [

    ],
    "76613277-49F8-4842-91EC-5363D85CF245" : [

    ],
    "835B1610-AB22-4775-95C9-44CD41AE334E" : [

    ],
    "90C235E0-C99C-42E7-9D0D-5E131743A0A7" : [

    ],
    "C5B50F83-0F34-4891-8072-A6408510F3B3" : [

    ],
    "D19CE1CC-1DEB-42EB-BE41-BD27D3C10D80" : [

    ],
    "EF7EEC0C-5DBF-4E32-8A84-4A83A2B4924D" : [

    ],
    "FD04FE75-518A-4DD4-8641-074C2294C245" : [

    ]
  },
  "sceneCameraHistory" : {
    "07EA2983-9D38-4950-A08B-CC74B611453D" : [
      {
        "date" : 755391776.790046,
        "title" : "Untitled",
        "transform" : [
          0.37057504,
          6.315502e-08,
          -0.9288025,
          0,
          -0.58581996,
          0.7760057,
          -0.23373128,
          0,
          0.720756,
          0.630726,
          0.28756833,
          0,
          0.2545502,
          0.19674462,
          0.09235597,
          1
        ]
      },
      {
        "date" : 755389023.846427,
        "title" : "Untitled",
        "transform" : [
          0.37057504,
          3.3352702e-08,
          -0.9288025,
          0,
          -0.5858199,
          0.7760057,
          -0.2337313,
          0,
          0.72075605,
          0.630726,
          0.28756836,
          0,
          0.15272951,
          1.1180468,
          -1.9445868,
          1
        ]
      },
      {
        "date" : 755385364.923137,
        "title" : "Untitled",
        "transform" : [
          0.3705751,
          2.30138e-09,
          -0.9288026,
          0,
          -0.5858199,
          0.7760056,
          -0.23373137,
          0,
          0.72075593,
          0.630726,
          0.2875684,
          0,
          3.556744,
          1.4509885,
          -0.58092463,
          1
        ]
      },
      {
        "date" : 755385360.672849,
        "title" : "Untitled",
        "transform" : [
          0.75002444,
          -1.0214629e-09,
          -0.66141015,
          0,
          -0.55002683,
          0.55537945,
          -0.6237182,
          0,
          0.3673336,
          0.83159715,
          0.41654822,
          0,
          2.2473783,
          2.5413904,
          0.5484772,
          1
        ]
      }
    ],
    "2A0E68BB-1D35-4AF2-9835-3F346F1688E6" : [
      {
        "date" : 753062386.607864,
        "title" : "Untitled",
        "transform" : [
          0.9997426,
          8.004386e-11,
          -0.022683708,
          0,
          -0.002988437,
          0.99128383,
          -0.13170986,
          0,
          0.02248599,
          0.1317438,
          0.9910287,
          0,
          0.23597062,
          1.2213674,
          0.45245793,
          1
        ]
      },
      {
        "date" : 751459318.032888,
        "title" : "Untitled",
        "transform" : [
          0.9997426,
          8.004386e-11,
          -0.022683708,
          0,
          -0.002988437,
          0.99128383,
          -0.13170986,
          0,
          0.02248599,
          0.1317438,
          0.9910287,
          0,
          1.0458955,
          1.5915027,
          0.022760391,
          1
        ]
      },
      {
        "date" : 751459306.129749,
        "title" : "Untitled",
        "transform" : [
          1,
          0,
          0,
          0,
          0,
          0.7071069,
          -0.7071067,
          0,
          0,
          0.7071067,
          0.7071069,
          0,
          1,
          2.261406,
          -1.1147647,
          1
        ]
      },
      {
        "date" : 751457486.593879,
        "title" : "Untitled",
        "transform" : [
          1,
          0,
          0,
          0,
          0,
          0.7071069,
          -0.7071067,
          0,
          0,
          0.7071067,
          0.7071069,
          0,
          1,
          1.8954985,
          -1.6045005,
          1
        ]
      },
      {
        "date" : 751457267.382462,
        "title" : "Untitled",
        "transform" : [
          1,
          0,
          0,
          0,
          0,
          0.7071069,
          -0.70710677,
          0,
          0,
          0.70710677,
          0.7071069,
          0,
          0.019679964,
          2.1952393,
          1.4623413,
          1
        ]
      }
    ],
    "4E7393D3-3FFC-4BFB-8AC2-9243FE94CF44" : [
      {
        "date" : 751922803.546989,
        "title" : "Untitled",
        "transform" : [
          -0.38184118,
          4.4806146e-08,
          -0.924228,
          0,
          -0.103682935,
          0.9936875,
          0.042836327,
          0,
          0.91839385,
          0.112183325,
          -0.3794307,
          0,
          5.4155626,
          1.3495502,
          -1.8488688,
          1
        ]
      },
      {
        "date" : 751922436.128454,
        "title" : "Untitled",
        "transform" : [
          0.5854302,
          4.4244402e-08,
          -0.8107228,
          0,
          -0.07345245,
          0.9958873,
          -0.05304053,
          0,
          0.8073884,
          0.090601094,
          0.58302253,
          0,
          3.5744503,
          1.2338597,
          3.1640954,
          1
        ]
      },
      {
        "date" : 751922418.079549,
        "title" : "Untitled",
        "transform" : [
          -0.5062195,
          3.988111e-08,
          -0.8624047,
          0,
          -0.15526175,
          0.9836605,
          0.091136605,
          0,
          0.84831345,
          0.18003356,
          -0.497948,
          0,
          4.22324,
          1.6571742,
          -1.9309647,
          1
        ]
      },
      {
        "date" : 751922414.032062,
        "title" : "Untitled",
        "transform" : [
          0.033645816,
          2.8703894e-08,
          -0.99943376,
          0,
          0.2438013,
          0.9697905,
          0.008207631,
          0,
          0.9692415,
          -0.24393944,
          0.03262951,
          0,
          4.2180495,
          -0.12646475,
          0.43160138,
          1
        ]
      },
      {
        "date" : 751922378.622056,
        "title" : "Untitled",
        "transform" : [
          0.8083847,
          2.8522233e-08,
          -0.58865446,
          0,
          -0.10641012,
          0.9835257,
          -0.14613026,
          0,
          0.57895666,
          0.18076824,
          0.7950672,
          0,
          2.0622363,
          1.6414433,
          3.3237116,
          1
        ]
      },
      {
        "date" : 751922371.618097,
        "title" : "Untitled",
        "transform" : [
          0.7447151,
          -5.1472e-09,
          -0.6673827,
          0,
          -0.6119149,
          0.39914575,
          -0.68281984,
          0,
          0.266383,
          0.9168875,
          0.29724985,
          0,
          1.4364452,
          5.036017,
          2.0365822,
          1
        ]
      },
      {
        "date" : 751922349.877276,
        "title" : "Untitled",
        "transform" : [
          0.80063224,
          -8.297089e-09,
          -0.5991562,
          0,
          -0.148925,
          0.968617,
          -0.19900341,
          0,
          0.58035284,
          0.24855778,
          0.775506,
          0,
          1.533565,
          1.3126022,
          2.3355732,
          1
        ]
      },
      {
        "date" : 751922334.202151,
        "title" : "Untitled",
        "transform" : [
          0.80063224,
          -8.297089e-09,
          -0.5991562,
          0,
          -0.148925,
          0.968617,
          -0.19900341,
          0,
          0.58035284,
          0.24855778,
          0.775506,
          0,
          1.5064887,
          1.3126022,
          2.3558357,
          1
        ]
      },
      {
        "date" : 751922331.686132,
        "title" : "Untitled",
        "transform" : [
          0.80063224,
          -8.297089e-09,
          -0.5991562,
          0,
          -0.148925,
          0.968617,
          -0.19900341,
          0,
          0.58035284,
          0.24855778,
          0.775506,
          0,
          1.0986598,
          1.2279809,
          1.9887909,
          1
        ]
      },
      {
        "date" : 751922286.099854,
        "title" : "Untitled",
        "transform" : [
          0.96012014,
          -4.9935975e-09,
          -0.27958742,
          0,
          -0.16802986,
          0.79925483,
          -0.57702476,
          0,
          0.22346157,
          0.60099214,
          0.76738083,
          0,
          0.62567973,
          1.7665575,
          2.1214585,
          1
        ]
      }
    ],
    "76613277-49F8-4842-91EC-5363D85CF245" : [
      {
        "date" : 755352633.97675,
        "title" : "Untitled",
        "transform" : [
          0.9962776,
          1.5359038e-09,
          -0.08620241,
          0,
          -0.011700021,
          0.99074626,
          -0.13522208,
          0,
          0.08540472,
          0.13572735,
          0.98705834,
          0,
          0.90019494,
          1.4306283,
          10.40404,
          1
        ]
      },
      {
        "date" : 755352626.75543,
        "title" : "Untitled",
        "transform" : [
          1,
          0,
          0,
          0,
          0,
          0.7071069,
          -0.7071067,
          0,
          0,
          0.7071067,
          0.7071069,
          0,
          -9.269903e-06,
          7.453224,
          7.453224,
          1
        ]
      },
      {
        "date" : 755352536.258134,
        "title" : "Untitled",
        "transform" : [
          1,
          0,
          -0,
          0,
          -0,
          0.7071069,
          -0.7071067,
          0,
          0,
          0.7071067,
          0.7071069,
          0,
          -1.1920929e-07,
          0.09584713,
          0.09584713,
          1
        ]
      }
    ],
    "835B1610-AB22-4775-95C9-44CD41AE334E" : [
      {
        "date" : 753141218.028161,
        "title" : "Untitled",
        "transform" : [
          1,
          0,
          0,
          0,
          0,
          0.7071069,
          -0.70710677,
          0,
          0,
          0.70710677,
          0.7071069,
          0,
          -0.09382945,
          2.620812,
          1.0367687,
          1
        ]
      }
    ],
    "90C235E0-C99C-42E7-9D0D-5E131743A0A7" : [
      {
        "date" : 755353445.859996,
        "title" : "Untitled",
        "transform" : [
          0.9857555,
          6.790263e-09,
          -0.16818495,
          0,
          -0.09211435,
          0.83667684,
          -0.53989506,
          0,
          0.14071646,
          0.5476968,
          0.8247587,
          0,
          5.1350403,
          44.32749,
          29.703178,
          1
        ]
      },
      {
        "date" : 755216499.299407,
        "title" : "Untitled",
        "transform" : [
          1,
          0,
          0,
          0,
          0,
          1,
          0,
          0,
          0,
          0,
          1,
          0,
          0.0042504077,
          1.3199173,
          3.174918,
          1
        ]
      },
      {
        "date" : 755216315.538015,
        "title" : "Untitled",
        "transform" : [
          1,
          0,
          0,
          0,
          0,
          1,
          0,
          0,
          0,
          0,
          1,
          0,
          1.2342423e-07,
          1.3185633,
          3.1572485,
          1
        ]
      },
      {
        "date" : 755216309.603987,
        "title" : "Untitled",
        "transform" : [
          0.7939985,
          4.2528313e-08,
          0.60791963,
          0,
          0.31314108,
          0.85712844,
          -0.4089909,
          0,
          -0.52106524,
          0.51510274,
          0.68055874,
          0,
          -0.64910424,
          3.29318,
          4.517149,
          1
        ]
      },
      {
        "date" : 755215294.19434,
        "title" : "Untitled",
        "transform" : [
          -0.052155793,
          3.2462598e-08,
          -0.9986389,
          0,
          -0.17853807,
          0.98388886,
          0.009324522,
          0,
          0.9825497,
          0.17878139,
          -0.051315535,
          0,
          5.5235043,
          1.7644789,
          -0.06612617,
          1
        ]
      },
      {
        "date" : 755188470.789112,
        "title" : "Untitled",
        "transform" : [
          -0.052155793,
          3.2462598e-08,
          -0.9986389,
          0,
          -0.17853807,
          0.98388886,
          0.009324522,
          0,
          0.9825497,
          0.17878139,
          -0.051315535,
          0,
          5.5150547,
          1.7253463,
          -0.36425835,
          1
        ]
      },
      {
        "date" : 755188465.495245,
        "title" : "Untitled",
        "transform" : [
          -0.06128499,
          3.1574455e-08,
          -0.99812025,
          0,
          -0.38142642,
          0.9241025,
          0.023419771,
          0,
          0.9223655,
          0.38214475,
          -0.056633636,
          0,
          5.201487,
          2.6453571,
          -0.38597128,
          1
        ]
      },
      {
        "date" : 755188216.430855,
        "title" : "Untitled",
        "transform" : [
          -0.015583444,
          3.150455e-08,
          -0.9998785,
          0,
          -0.17118114,
          0.985236,
          0.002667953,
          0,
          0.98511636,
          0.17120193,
          -0.015353403,
          0,
          5.665328,
          1.4430729,
          -0.15477687,
          1
        ]
      },
      {
        "date" : 755186099.534676,
        "title" : "Untitled",
        "transform" : [
          0.18838604,
          3.11127e-08,
          -0.982095,
          0,
          -0.5754184,
          0.8103768,
          -0.110377066,
          0,
          0.7958671,
          0.5859091,
          0.15266368,
          0,
          4.483507,
          3.3772502,
          0.60276407,
          1
        ]
      },
      {
        "date" : 755186085.277958,
        "title" : "Untitled",
        "transform" : [
          0.18838604,
          3.11127e-08,
          -0.982095,
          0,
          -0.5754184,
          0.8103768,
          -0.110377066,
          0,
          0.7958671,
          0.5859091,
          0.15266368,
          0,
          0.6205354,
          0.467425,
          0.083424985,
          1
        ]
      }
    ],
    "EF7EEC0C-5DBF-4E32-8A84-4A83A2B4924D" : [
      {
        "date" : 754944739.302992,
        "title" : "Untitled",
        "transform" : [
          0.9103317,
          -9.192744e-09,
          -0.41387928,
          0,
          -0.23080942,
          0.8300606,
          -0.50766766,
          0,
          0.3435449,
          0.55767316,
          0.75563055,
          0,
          1.337215,
          3.3021111,
          1.5822377,
          1
        ]
      },
      {
        "date" : 754944123.103107,
        "title" : "Untitled",
        "transform" : [
          0.9880814,
          -8.497541e-09,
          -0.15393206,
          0,
          -0.10113754,
          0.75386703,
          -0.64919627,
          0,
          0.11604431,
          0.657027,
          0.74488205,
          0,
          0.30334222,
          2.222215,
          -0.018057168,
          1
        ]
      },
      {
        "date" : 754440553.506961,
        "title" : "Untitled",
        "transform" : [
          0.9880814,
          -8.497541e-09,
          -0.15393206,
          0,
          -0.10113754,
          0.75386703,
          -0.64919627,
          0,
          0.11604431,
          0.657027,
          0.74488205,
          0,
          0.54984856,
          2.1333592,
          0.021915674,
          1
        ]
      },
      {
        "date" : 754440524.988424,
        "title" : "Untitled",
        "transform" : [
          0.9880814,
          -8.497541e-09,
          -0.15393206,
          0,
          -0.10113754,
          0.75386703,
          -0.64919627,
          0,
          0.11604431,
          0.657027,
          0.74488205,
          0,
          0.24820381,
          2.0662813,
          0.12807465,
          1
        ]
      },
      {
        "date" : 754440514.671812,
        "title" : "Untitled",
        "transform" : [
          0.9880814,
          -8.497541e-09,
          -0.15393206,
          0,
          -0.10113754,
          0.75386703,
          -0.64919627,
          0,
          0.11604433,
          0.65702707,
          0.7448821,
          0,
          0.27909595,
          2.3283067,
          -0.10785866,
          1
        ]
      },
      {
        "date" : 754440163.018193,
        "title" : "Untitled",
        "transform" : [
          0.9997541,
          -9.435542e-09,
          -0.022182565,
          0,
          -0.005286792,
          0.97118413,
          -0.23827201,
          0,
          0.021543358,
          0.23833062,
          0.9709452,
          0,
          0.16505474,
          1.812344,
          0.19795704,
          1
        ]
      },
      {
        "date" : 754440157.732117,
        "title" : "Untitled",
        "transform" : [
          0.978732,
          -9.444136e-09,
          0.20514345,
          0,
          0.046674367,
          0.9737733,
          -0.22268175,
          0,
          -0.19976321,
          0.22752064,
          0.953063,
          0,
          -0.111644626,
          1.7989713,
          0.20749915,
          1
        ]
      },
      {
        "date" : 754439675.762932,
        "title" : "Untitled",
        "transform" : [
          1,
          0,
          0,
          0,
          0,
          0.7071069,
          -0.7071067,
          0,
          0,
          0.7071067,
          0.7071069,
          0,
          0.1347907,
          2.3710907,
          -0.16432208,
          1
        ]
      },
      {
        "date" : 754439670.913986,
        "title" : "Untitled",
        "transform" : [
          1,
          0,
          0,
          0,
          0,
          0.7071069,
          -0.7071067,
          0,
          0,
          0.7071067,
          0.7071069,
          0,
          -0.30000007,
          2.3533843,
          -0.14661574,
          1
        ]
      },
      {
        "date" : 754439665.870276,
        "title" : "Untitled",
        "transform" : [
          1,
          0,
          -0,
          0,
          -0,
          0.7071069,
          -0.7071067,
          0,
          0,
          0.7071067,
          0.7071069,
          0,
          -0.3,
          1.6874905,
          -0.8125096,
          1
        ]
      }
    ]
  },
  "sceneViewportBackgroundColors" : {

  },
  "selectedSceneRelativePath" : "Lab016Scene.usda"
}