{
  "advancedEditorSelectedIdentifier" : "ProjectBrowser",
  "openSceneRelativePaths" : [
    "BackgroundGlass.usda",
    "BackgroundGlassShowcase.usda",
    "CatchingGame.usda"
  ],
  "recentIdentifiers" : {
    "00AC74E2-A464-4F74-A445-36CD76630287" : [

    ],
    "031AB4B8-A98D-4B94-9361-640C4AAEFEC5" : [

    ],
    "0521479C-D4B3-482F-BA1B-037E23908C92" : [

    ],
    "06C5FFFA-7340-4E0D-B614-25C231069B5F" : [

    ],
    "07EA2983-9D38-4950-A08B-CC74B611453D" : [

    ],
    "0B1B0589-72ED-4935-8D32-700594B8B644" : [

    ],
    "106DA8C8-A319-4AC4-9CCD-0933D53E7FF1" : [

    ],
    "1605787C-1F17-4706-A47E-4EE3FE226711" : [

    ],
    "16EF6DE0-4654-4C62-B685-024D241A80E4" : [

    ],
    "1D8A4016-C08F-4AEB-8C0B-FCB89AEB685F" : [

    ],
    "1ED5D871-E0A7-4327-99A4-DF46F7E2ECB0" : [

    ],
    "20745604-DECF-4F37-8881-1F01AE07047E" : [

    ],
    "259CB978-DA76-4137-81C2-999BCD0F6ABF" : [

    ],
    "26D9F6E1-E8F4-4491-8C5F-FE3B644D53F7" : [

    ],
    "2A0E68BB-1D35-4AF2-9835-3F346F1688E6" : [

    ],
    "36465E30-5BDC-4D2B-8442-4AB477D81AAC" : [

    ],
    "4DD4B739-3228-4430-A7D5-BA2B683AF7C3" : [

    ],
    "4E7393D3-3FFC-4BFB-8AC2-9243FE94CF44" : [

    ],
    "51846BC9-340D-4930-9987-C60C51E07011" : [

    ],
    "69135388-7782-493A-B7EE-3B9F9169A20D" : [

    ],
    "6CF9F98D-FEB2-4CD2-A36D-E65ED723B51F" : [

    ],
    "6F07F0BB-6FDD-4EE0-A176-AA78BBBE18CE" : [

    ],
    "7551FAFE-6C83-4318-BBF6-D6EE860125D7" : [

    ],
    "76613277-49F8-4842-91EC-5363D85CF245" : [

    ],
    "7FCCE3C2-26E6-4555-8625-122976883DA3" : [

    ],
    "8088479F-CE0C-4853-808C-58DB5763AAFA" : [

    ],
    "835B1610-AB22-4775-95C9-44CD41AE334E" : [

    ],
    "88A15A2F-A047-4566-AE4F-6CDE5CCCC789" : [

    ],
    "88B7C491-C980-4DD9-A4AC-3E1BBAB00CAB" : [

    ],
    "8927C89E-AA92-4E6D-B496-CC831CA8BADF" : [

    ],
    "89714D88-49CF-41B7-87AE-A1E97BD4B341" : [

    ],
    "90C235E0-C99C-42E7-9D0D-5E131743A0A7" : [

    ],
    "92C2D816-BBAF-4395-8EC5-B77DD3495EE7" : [

    ],
    "98043A2D-E996-4BE7-8F15-47AAB1E1E57E" : [

    ],
    "A3FC9A44-19D4-45D9-96D9-932311CF22E0" : [

    ],
    "A40DA96E-0E21-4324-9AF2-06410FAB9851" : [

    ],
    "AFEEA4E5-CA98-4411-BA40-1EAA956BB9C0" : [

    ],
    "B4860F40-B1DE-42EA-9488-423A581F8D6E" : [

    ],
    "B7890F28-2D7B-4FE1-BD1F-DC717DA52CAF" : [

    ],
    "BF95496B-A69B-4059-9505-1D10997B194E" : [

    ],
    "C511B596-C862-42FF-817E-933BD2E51F51" : [

    ],
    "C5B50F83-0F34-4891-8072-A6408510F3B3" : [

    ],
    "CB5E1518-DE38-44CA-8492-6104DC9F4794" : [

    ],
    "D19CE1CC-1DEB-42EB-BE41-BD27D3C10D80" : [

    ],
    "D300FA75-1D09-4A36-A08D-6114D5A82A9B" : [

    ],
    "DCB1BDFA-3B08-4801-B817-32F712755104" : [

    ],
    "DED916C6-0CB0-4CBD-91F7-68ADC71C48D4" : [

    ],
    "E2C1523E-C5DA-4EAF-B131-6EAEC1E74847" : [

    ],
    "E5A9429C-2ED0-42F1-88DD-34DE71A5656B" : [

    ],
    "EA85B0E2-4138-42BA-BA0C-F68161C15F69" : [

    ],
    "EA8D1646-C694-44B7-9909-9B2659F2661C" : [

    ],
    "EE4E9B65-08F0-49B1-A553-D543CC6E0965" : [

    ],
    "EF7EEC0C-5DBF-4E32-8A84-4A83A2B4924D" : [

    ],
    "FD04FE75-518A-4DD4-8641-074C2294C245" : [

    ],
    "FD2D623C-445B-4B4B-99A8-4F66CF4C17F3" : [

    ],
    "FD46CB38-D383-49B0-BECF-828C0268C32B" : [

    ]
  },
  "sceneCameraHistory" : {
    "00AC74E2-A464-4F74-A445-36CD76630287" : [
      {
        "date" : 762121720.862041,
        "title" : "Untitled",
        "transform" : [
          0.98504597,
          2.9211222e-08,
          0.17229176,
          0,
          0.08618226,
          0.8659034,
          -0.49273112,
          0,
          -0.14918804,
          0.5002113,
          0.8529546,
          0,
          -0.07713153,
          0.26033774,
          0.43483508,
          1
        ]
      },
      {
        "date" : 761744328.639428,
        "title" : "Untitled",
        "transform" : [
          0.985046,
          3.906695e-09,
          0.17229177,
          0,
          0.09740791,
          0.82484007,
          -0.55691177,
          0,
          -0.14211315,
          0.56536627,
          0.8125053,
          0,
          -2.353731,
          8.479313,
          11.50968,
          1
        ]
      },
      {
        "date" : 761744326.194302,
        "title" : "Untitled",
        "transform" : [
          0.9869225,
          7.212372e-09,
          0.1611955,
          0,
          0.14137188,
          0.48045123,
          -0.8655522,
          0,
          -0.07744657,
          0.87702143,
          0.47416806,
          0,
          -1.6294283,
          9.30975,
          7.34412,
          1
        ]
      },
      {
        "date" : 761744321.8511,
        "title" : "Untitled",
        "transform" : [
          0.9869225,
          7.212372e-09,
          0.1611955,
          0,
          0.14137188,
          0.48045123,
          -0.8655522,
          0,
          -0.07744657,
          0.87702143,
          0.47416806,
          0,
          -0.6578029,
          9.005807,
          8.064992,
          1
        ]
      },
      {
        "date" : 761744294.186533,
        "title" : "Untitled",
        "transform" : [
          0.9869225,
          7.212372e-09,
          0.1611955,
          0,
          0.14137188,
          0.48045123,
          -0.8655522,
          0,
          -0.07744657,
          0.87702143,
          0.47416806,
          0,
          -1.0328875,
          14.140992,
          8.102051,
          1
        ]
      },
      {
        "date" : 761744271.746075,
        "title" : "Untitled",
        "transform" : [
          0.9869225,
          7.212372e-09,
          0.1611955,
          0,
          0.14137188,
          0.48045123,
          -0.8655522,
          0,
          -0.07744657,
          0.87702143,
          0.47416806,
          0,
          -0.68326527,
          10.181804,
          5.9614863,
          1
        ]
      },
      {
        "date" : 761744242.756485,
        "title" : "Untitled",
        "transform" : [
          0.9869225,
          7.212372e-09,
          0.1611955,
          0,
          0.14137188,
          0.48045123,
          -0.8655522,
          0,
          -0.07744657,
          0.87702143,
          0.47416806,
          0,
          -0.9433565,
          10.486781,
          6.140052,
          1
        ]
      },
      {
        "date" : 761744204.039427,
        "title" : "Untitled",
        "transform" : [
          0.99927837,
          8.568474e-09,
          0.037983023,
          0,
          0.03190027,
          0.54280806,
          -0.8392507,
          0,
          -0.020617489,
          0.83985674,
          0.5424163,
          0,
          -0.26613066,
          10.102291,
          5.9556637,
          1
        ]
      },
      {
        "date" : 761744202.212656,
        "title" : "Untitled",
        "transform" : [
          0.35736385,
          7.4554105e-09,
          -0.93396527,
          0,
          -0.456499,
          0.87240976,
          -0.17467055,
          0,
          0.8148004,
          0.48877522,
          0.3117677,
          0,
          9.317935,
          6.1446304,
          3.6078618,
          1
        ]
      },
      {
        "date" : 761741720.221306,
        "title" : "Untitled",
        "transform" : [
          0.35736385,
          7.4554105e-09,
          -0.93396527,
          0,
          -0.456499,
          0.87240976,
          -0.17467055,
          0,
          0.8148004,
          0.48877522,
          0.3117677,
          0,
          3.0380185,
          2.0033946,
          1.1763068,
          1
        ]
      }
    ],
    "031AB4B8-A98D-4B94-9361-640C4AAEFEC5" : [
      {
        "date" : 757977722.025484,
        "title" : "Untitled",
        "transform" : [
          0.9988169,
          2.6534908e-09,
          0.048629336,
          0,
          0.031893402,
          0.7548936,
          -0.6550714,
          0,
          -0.036709942,
          0.65584725,
          0.7540005,
          0,
          -0.03225189,
          0.7949329,
          0.7366914,
          1
        ]
      },
      {
        "date" : 756173726.512308,
        "title" : "Untitled",
        "transform" : [
          0.99775976,
          -9.912531e-10,
          0.066898584,
          0,
          0.032065254,
          0.8776449,
          -0.4782376,
          0,
          -0.0587132,
          0.47931138,
          0.8756788,
          0,
          -0.055955295,
          0.6189241,
          0.88852394,
          1
        ]
      },
      {
        "date" : 756173718.422533,
        "title" : "Untitled",
        "transform" : [
          0.99775976,
          -9.912531e-10,
          0.066898584,
          0,
          0.032065254,
          0.8776449,
          -0.4782376,
          0,
          -0.0587132,
          0.47931138,
          0.8756788,
          0,
          -0.05828926,
          0.64474016,
          0.9255853,
          1
        ]
      },
      {
        "date" : 756173614.262766,
        "title" : "Untitled",
        "transform" : [
          0.99775976,
          -9.912531e-10,
          0.066898584,
          0,
          0.032065254,
          0.8776449,
          -0.4782376,
          0,
          -0.0587132,
          0.47931138,
          0.8756788,
          0,
          -0.039448597,
          0.43634275,
          0.62641114,
          1
        ]
      },
      {
        "date" : 756173613.188203,
        "title" : "Untitled",
        "transform" : [
          0.99775976,
          -9.912531e-10,
          0.066898584,
          0,
          0.032065254,
          0.8776449,
          -0.4782376,
          0,
          -0.0587132,
          0.47931138,
          0.8756788,
          0,
          -0.039471213,
          0.43659288,
          0.62677026,
          1
        ]
      },
      {
        "date" : 756173611.840182,
        "title" : "Untitled",
        "transform" : [
          0.99775976,
          -9.912531e-10,
          0.066898584,
          0,
          0.032065254,
          0.8776449,
          -0.4782376,
          0,
          -0.0587132,
          0.47931138,
          0.8756788,
          0,
          -0.039426345,
          0.4360966,
          0.6260578,
          1
        ]
      },
      {
        "date" : 756173609.771343,
        "title" : "Untitled",
        "transform" : [
          0.99775976,
          -9.912531e-10,
          0.066898584,
          0,
          0.032065254,
          0.8776449,
          -0.4782376,
          0,
          -0.0587132,
          0.47931138,
          0.8756788,
          0,
          -0.05229853,
          0.5784764,
          0.83045745,
          1
        ]
      },
      {
        "date" : 756173606.986434,
        "title" : "Untitled",
        "transform" : [
          0.99775976,
          -9.912531e-10,
          0.066898584,
          0,
          0.032065254,
          0.8776449,
          -0.4782376,
          0,
          -0.0587132,
          0.47931138,
          0.8756788,
          0,
          0.07454653,
          0.43630052,
          0.91678363,
          1
        ]
      },
      {
        "date" : 756173605.592335,
        "title" : "Untitled",
        "transform" : [
          0.99775976,
          -9.912531e-10,
          0.066898584,
          0,
          0.032065254,
          0.8776449,
          -0.4782376,
          0,
          -0.0587132,
          0.47931138,
          0.8756788,
          0,
          0.027599853,
          0.58448434,
          0.832526,
          1
        ]
      },
      {
        "date" : 756173560.640516,
        "title" : "Untitled",
        "transform" : [
          0.99775976,
          -9.912531e-10,
          0.066898584,
          0,
          0.032065254,
          0.8776449,
          -0.4782376,
          0,
          -0.0587132,
          0.47931138,
          0.8756788,
          0,
          -0.062265683,
          0.4302926,
          0.9108989,
          1
        ]
      }
    ],
    "06C5FFFA-7340-4E0D-B614-25C231069B5F" : [
      {
        "date" : 778622754.013384,
        "title" : "Untitled",
        "transform" : [
          0.97346395,
          3.2669416e-09,
          -0.22884029,
          0,
          -0.0070205317,
          0.9995293,
          -0.029864714,
          0,
          0.22873266,
          0.030678734,
          0.9730057,
          0,
          0.12727524,
          0.0106007755,
          0.54141635,
          1
        ]
      },
      {
        "date" : 778622682.580924,
        "title" : "Untitled",
        "transform" : [
          0.96932006,
          3.0926497e-09,
          -0.24580249,
          0,
          -0.00093761523,
          0.9999927,
          -0.003697539,
          0,
          0.24580076,
          0.0038144973,
          0.96931285,
          0,
          0.13764526,
          -0.004395187,
          0.542803,
          1
        ]
      },
      {
        "date" : 778622671.062902,
        "title" : "Untitled",
        "transform" : [
          0.9339506,
          4.3335158e-09,
          -0.35740224,
          0,
          0.028236965,
          0.9968741,
          0.07378778,
          0,
          0.35628507,
          -0.079006165,
          0.9310311,
          0,
          0.20342445,
          -0.051227383,
          0.5315815,
          1
        ]
      },
      {
        "date" : 778622664.746106,
        "title" : "Untitled",
        "transform" : [
          0.96170384,
          3.887706e-09,
          -0.274091,
          0,
          0.065397955,
          0.9711181,
          0.22946191,
          0,
          0.26617476,
          -0.23859945,
          0.9339279,
          0,
          0.15782702,
          -0.14408015,
          0.55376816,
          1
        ]
      },
      {
        "date" : 763039175.845042,
        "title" : "Untitled",
        "transform" : [
          0.88009137,
          -2.708754e-09,
          -0.4748044,
          0,
          -0.030795991,
          0.99789435,
          -0.057083093,
          0,
          0.47380462,
          0.06486033,
          0.87823814,
          0,
          0.26059133,
          0.029249817,
          0.4830288,
          1
        ]
      },
      {
        "date" : 763039167.270594,
        "title" : "Untitled",
        "transform" : [
          0.8410285,
          -2.7625935e-09,
          -0.5409908,
          0,
          -0.040054142,
          0.9972554,
          -0.062268507,
          0,
          0.5395061,
          0.07403844,
          0.83872026,
          0,
          0.29607788,
          0.034292243,
          0.460285,
          1
        ]
      },
      {
        "date" : 763039162.850755,
        "title" : "Untitled",
        "transform" : [
          0.8203081,
          -1.7648247e-09,
          -0.5719218,
          0,
          -0.008887507,
          0.9998793,
          -0.012747386,
          0,
          0.57185274,
          0.015539673,
          0.82020915,
          0,
          0.31696495,
          0.0020278674,
          0.45462328,
          1
        ]
      },
      {
        "date" : 763039108.03015,
        "title" : "Untitled",
        "transform" : [
          0.89408344,
          -5.5625975e-09,
          -0.4479004,
          0,
          -0.11440921,
          0.96682644,
          -0.22837974,
          0,
          0.43304193,
          0.2554344,
          0.8644235,
          0,
          0.24073431,
          0.13518915,
          0.4805456,
          1
        ]
      },
      {
        "date" : 763038285.67813,
        "title" : "Untitled",
        "transform" : [
          0.81748176,
          -1.7560846e-09,
          -0.5759545,
          0,
          -0.2498851,
          0.900979,
          -0.35467473,
          0,
          0.5189229,
          0.43386254,
          0.736534,
          0,
          0.278315,
          0.23269454,
          0.3950268,
          1
        ]
      },
      {
        "date" : 763037588.957473,
        "title" : "Untitled",
        "transform" : [
          0.99831474,
          -7.8162615e-10,
          -0.05803282,
          0,
          -0.030801227,
          0.84752506,
          -0.5298608,
          0,
          0.049184285,
          0.5307553,
          0.84609675,
          0,
          0.026379105,
          0.28466123,
          0.45378882,
          1
        ]
      }
    ],
    "07EA2983-9D38-4950-A08B-CC74B611453D" : [
      {
        "date" : 755556972.957956,
        "title" : "Untitled",
        "transform" : [
          0.45578656,
          4.3765272e-08,
          -0.89008915,
          0,
          -0.49405622,
          0.83180785,
          -0.25299048,
          0,
          0.74038297,
          0.5550638,
          0.37912682,
          0,
          3.287306,
          2.3007805,
          -0.15364522,
          1
        ]
      },
      {
        "date" : 755556884.397122,
        "title" : "Untitled",
        "transform" : [
          0.9234348,
          4.7928435e-08,
          -0.38375556,
          0,
          -0.15306875,
          0.91700745,
          -0.36833054,
          0,
          0.35190663,
          0.3988702,
          0.8467964,
          0,
          2.2497187,
          1.8557894,
          1.2536256,
          1
        ]
      },
      {
        "date" : 755556862.580196,
        "title" : "Untitled",
        "transform" : [
          0.93023306,
          5.572663e-08,
          -0.36696926,
          0,
          -0.23475195,
          0.768621,
          -0.59507424,
          0,
          0.2820602,
          0.63970447,
          0.71499664,
          0,
          2.08316,
          2.5386214,
          0.9576541,
          1
        ]
      },
      {
        "date" : 755556828.596418,
        "title" : "Untitled",
        "transform" : [
          0.93023306,
          5.572663e-08,
          -0.36696926,
          0,
          -0.23475195,
          0.768621,
          -0.59507424,
          0,
          0.2820602,
          0.63970447,
          0.71499664,
          0,
          1.5913749,
          2.2222095,
          0.4831003,
          1
        ]
      },
      {
        "date" : 755556824.29738,
        "title" : "Untitled",
        "transform" : [
          0.542351,
          1.14399885e-08,
          -0.84015197,
          0,
          -0.69134724,
          0.5682102,
          -0.44629166,
          0,
          0.4773829,
          0.8228834,
          0.3081694,
          0,
          2.0189416,
          2.6066551,
          -0.3492133,
          1
        ]
      },
      {
        "date" : 755556806.797455,
        "title" : "Untitled",
        "transform" : [
          0.89462715,
          5.572468e-08,
          -0.44681343,
          0,
          -0.123998985,
          0.9607204,
          -0.2482754,
          0,
          0.42926276,
          0.2775183,
          0.8594865,
          0,
          1.8778281,
          1.4788074,
          0.7444966,
          1
        ]
      },
      {
        "date" : 755556790.281605,
        "title" : "Untitled",
        "transform" : [
          0.89462715,
          5.572468e-08,
          -0.44681343,
          0,
          -0.123998985,
          0.9607204,
          -0.2482754,
          0,
          0.42926276,
          0.2775183,
          0.8594865,
          0,
          1.1679074,
          1.0915843,
          -0.66631985,
          1
        ]
      },
      {
        "date" : 755556787.985022,
        "title" : "Untitled",
        "transform" : [
          0.37057504,
          6.315502e-08,
          -0.9288025,
          0,
          -0.58581996,
          0.7760057,
          -0.23373127,
          0,
          0.720756,
          0.630726,
          0.28756833,
          0,
          1.2865767,
          1.2302132,
          -0.8868689,
          1
        ]
      },
      {
        "date" : 755391776.790046,
        "title" : "Untitled",
        "transform" : [
          0.37057504,
          6.315502e-08,
          -0.9288025,
          0,
          -0.58581996,
          0.7760057,
          -0.23373128,
          0,
          0.720756,
          0.630726,
          0.28756833,
          0,
          0.2545502,
          0.19674462,
          0.09235597,
          1
        ]
      },
      {
        "date" : 755389023.846427,
        "title" : "Untitled",
        "transform" : [
          0.37057504,
          3.3352702e-08,
          -0.9288025,
          0,
          -0.5858199,
          0.7760057,
          -0.2337313,
          0,
          0.72075605,
          0.630726,
          0.28756836,
          0,
          0.15272951,
          1.1180468,
          -1.9445868,
          1
        ]
      }
    ],
    "0B1B0589-72ED-4935-8D32-700594B8B644" : [
      {
        "date" : 756080546.05931,
        "title" : "Untitled",
        "transform" : [
          0.6593089,
          1.7958856e-08,
          -0.7518721,
          0,
          -0.51798785,
          0.7248272,
          -0.4542182,
          0,
          0.5449773,
          0.6889308,
          0.47788504,
          0,
          2.2995486,
          2.4683604,
          1.0483578,
          1
        ]
      },
      {
        "date" : 756080539.074402,
        "title" : "Untitled",
        "transform" : [
          0.6593089,
          1.7958856e-08,
          -0.7518721,
          0,
          -0.51798785,
          0.7248272,
          -0.4542182,
          0,
          0.5449773,
          0.6889308,
          0.47788504,
          0,
          1.88043,
          2.1229217,
          2.024312,
          1
        ]
      },
      {
        "date" : 756080534.839369,
        "title" : "Untitled",
        "transform" : [
          0.08057588,
          1.7617893e-08,
          -0.99674845,
          0,
          -0.6360194,
          0.7699583,
          -0.051414996,
          0,
          0.76745474,
          0.6380942,
          0.0620401,
          0,
          3.6401029,
          1.8750826,
          0.28261137,
          1
        ]
      },
      {
        "date" : 756080531.309191,
        "title" : "Untitled",
        "transform" : [
          0.080575906,
          1.1467233e-08,
          -0.9967483,
          0,
          -0.63601935,
          0.76995826,
          -0.051415015,
          0,
          0.76745474,
          0.6380941,
          0.06204013,
          0,
          2.7025197,
          1.9844317,
          0.28592217,
          1
        ]
      },
      {
        "date" : 756079436.8896,
        "title" : "Untitled",
        "transform" : [
          0.24159256,
          1.1416423e-08,
          -0.97037774,
          0,
          -0.029140584,
          0.999549,
          -0.0072550466,
          0,
          0.9699401,
          0.03003014,
          0.24148363,
          0,
          3.664165,
          -0.38802516,
          1.014156,
          1
        ]
      },
      {
        "date" : 756079434.705646,
        "title" : "Untitled",
        "transform" : [
          0.24159248,
          1.105882e-08,
          -0.9703778,
          0,
          -0.029140584,
          0.999549,
          -0.0072550457,
          0,
          0.9699401,
          0.030030137,
          0.2414835,
          0,
          0.1699503,
          -1.1022995,
          -1.2473043,
          1
        ]
      },
      {
        "date" : 756079428.201702,
        "title" : "Untitled",
        "transform" : [
          0.25378862,
          1.105882e-08,
          -0.9672597,
          0,
          -0.029046947,
          0.999549,
          -0.007621297,
          0,
          0.9668235,
          0.03003014,
          0.25367415,
          0,
          0.17179775,
          -1.0526903,
          -1.1522394,
          1
        ]
      },
      {
        "date" : 756079426.006741,
        "title" : "Untitled",
        "transform" : [
          0.25378865,
          1.1267819e-08,
          -0.9672597,
          0,
          -0.029046923,
          0.99954903,
          -0.007621392,
          0,
          0.9668234,
          0.030030077,
          0.25367433,
          0,
          5.8982472,
          1.1721165,
          0.9052757,
          1
        ]
      },
      {
        "date" : 756079424.021808,
        "title" : "Untitled",
        "transform" : [
          0.25378865,
          1.1267819e-08,
          -0.9672597,
          0,
          -0.02904692,
          0.9995489,
          -0.007621391,
          0,
          0.9668234,
          0.030030077,
          0.25367433,
          0,
          3.8016691,
          0.3754479,
          0.20042777,
          1
        ]
      },
      {
        "date" : 756079393.693451,
        "title" : "Untitled",
        "transform" : [
          0.26933542,
          1.4261634e-08,
          -0.96304643,
          0,
          -0.21666618,
          0.9743633,
          -0.06059517,
          0,
          0.9383571,
          0.22497997,
          0.2624307,
          0,
          3.445764,
          2.8128526,
          0.30990696,
          1
        ]
      }
    ],
    "106DA8C8-A319-4AC4-9CCD-0933D53E7FF1" : [
      {
        "date" : 759259282.387354,
        "title" : "Untitled",
        "transform" : [
          0.9990652,
          5.379206e-10,
          -0.04322972,
          0,
          -0.0064173327,
          0.9889203,
          -0.14830892,
          0,
          0.042750742,
          0.14844763,
          0.9879958,
          0,
          0.5843756,
          2.0291846,
          13.505275,
          1
        ]
      },
      {
        "date" : 759259190.787507,
        "title" : "Untitled",
        "transform" : [
          0.99346906,
          2.2336901e-09,
          -0.11410225,
          0,
          -0.07925437,
          0.7194049,
          -0.69005454,
          0,
          0.082085714,
          0.6945909,
          0.7147065,
          0,
          1.1220598,
          9.4946165,
          9.769584,
          1
        ]
      },
      {
        "date" : 759259188.020884,
        "title" : "Untitled",
        "transform" : [
          0.99312854,
          -3.2301006e-09,
          -0.11702924,
          0,
          -0.018187266,
          0.98785037,
          -0.15434021,
          0,
          0.11560735,
          0.15540808,
          0.9810623,
          0,
          1.5802795,
          2.1243293,
          13.4105,
          1
        ]
      },
      {
        "date" : 759259162.365948,
        "title" : "Untitled",
        "transform" : [
          0.97404903,
          1.6818154e-09,
          -0.22633739,
          0,
          -0.14687821,
          0.76084393,
          -0.6320944,
          0,
          0.1722074,
          0.6489349,
          0.74109924,
          0,
          2.3539662,
          8.870528,
          10.130357,
          1
        ]
      },
      {
        "date" : 759259156.364031,
        "title" : "Untitled",
        "transform" : [
          0.97404903,
          1.6818154e-09,
          -0.22633739,
          0,
          -0.14687821,
          0.76084393,
          -0.6320944,
          0,
          0.1722074,
          0.6489349,
          0.74109924,
          0,
          0.67287004,
          2.5355983,
          2.8957143,
          1
        ]
      },
      {
        "date" : 759256713.072052,
        "title" : "Untitled",
        "transform" : [
          0.97404903,
          1.6818154e-09,
          -0.22633739,
          0,
          -0.14687821,
          0.76084393,
          -0.6320944,
          0,
          0.17220742,
          0.64893496,
          0.7410993,
          0,
          0.44538003,
          1.6783403,
          1.916705,
          1
        ]
      },
      {
        "date" : 759256593.1815,
        "title" : "Untitled",
        "transform" : [
          0.9993788,
          3.6801473e-10,
          0.035242878,
          0,
          0.018510107,
          0.8509693,
          -0.52488935,
          0,
          -0.029990606,
          0.5252156,
          0.8504406,
          0,
          -0.077564694,
          1.358365,
          2.1994944,
          1
        ]
      }
    ],
    "1605787C-1F17-4706-A47E-4EE3FE226711" : [
      {
        "date" : 757979447.112909,
        "title" : "Untitled",
        "transform" : [
          1,
          0,
          0,
          0,
          0,
          0.7071069,
          -0.7071067,
          0,
          0,
          0.7071067,
          0.7071069,
          0,
          1,
          3.6841488,
          0.7841476,
          1
        ]
      },
      {
        "date" : 757979432.629384,
        "title" : "Untitled",
        "transform" : [
          1,
          0,
          -0,
          0,
          -0,
          0.7071069,
          -0.7071067,
          0,
          0,
          0.7071067,
          0.7071069,
          0,
          1,
          1.7989607,
          -1.1010392,
          1
        ]
      }
    ],
    "16EF6DE0-4654-4C62-B685-024D241A80E4" : [
      {
        "date" : 771454053.748315,
        "title" : "Untitled",
        "transform" : [
          1,
          0,
          0,
          0,
          0,
          0.7071069,
          -0.7071067,
          0,
          0,
          0.7071067,
          0.7071069,
          0,
          0,
          0.47331554,
          0.47331578,
          1
        ]
      },
      {
        "date" : 771454050.712029,
        "title" : "Untitled",
        "transform" : [
          1,
          0,
          -0,
          0,
          -0,
          0.7071069,
          -0.7071067,
          0,
          0,
          0.7071067,
          0.7071069,
          0,
          0,
          0.22839034,
          0.22839046,
          1
        ]
      }
    ],
    "1D8A4016-C08F-4AEB-8C0B-FCB89AEB685F" : [
      {
        "date" : 778866316.845579,
        "title" : "Untitled",
        "transform" : [
          0.40802422,
          3.2703156e-09,
          0.9129711,
          0,
          0.2168693,
          0.97137713,
          -0.096923046,
          0,
          -0.8868392,
          0.23754244,
          0.39634538,
          0,
          -0.46560508,
          0.12471362,
          0.20808782,
          1
        ]
      },
      {
        "date" : 778866313.108002,
        "title" : "Untitled",
        "transform" : [
          0.2944002,
          1.5071718e-08,
          0.9556823,
          0,
          -0.48959285,
          0.8588085,
          0.15082023,
          0,
          -0.8207481,
          -0.5122967,
          0.25283343,
          0,
          -0.43090612,
          -0.26896414,
          0.1327417,
          1
        ]
      },
      {
        "date" : 778866306.195426,
        "title" : "Untitled",
        "transform" : [
          0.8580446,
          1.4756814e-09,
          0.5135752,
          0,
          0.16464046,
          0.94722235,
          -0.2750695,
          0,
          -0.48646992,
          0.32057723,
          0.81275904,
          0,
          -0.25540462,
          0.16830824,
          0.4267118,
          1
        ]
      },
      {
        "date" : 774988314.515124,
        "title" : "Untitled",
        "transform" : [
          0.8580446,
          1.4756814e-09,
          0.5135752,
          0,
          0.16464046,
          0.94722235,
          -0.2750695,
          0,
          -0.48646992,
          0.32057723,
          0.81275904,
          0,
          -1.258157,
          0.8291088,
          2.1020389,
          1
        ]
      },
      {
        "date" : 774988285.51712,
        "title" : "Untitled",
        "transform" : [
          0.9992928,
          9.487755e-11,
          -0.03760131,
          0,
          -0.014448703,
          0.9232247,
          -0.3839888,
          0,
          0.03471446,
          0.38426062,
          0.9225718,
          0,
          0.089782,
          0.99381316,
          2.3860474,
          1
        ]
      }
    ],
    "1ED5D871-E0A7-4327-99A4-DF46F7E2ECB0" : [
      {
        "date" : 779217591.608123,
        "title" : "Untitled",
        "transform" : [
          0.99899405,
          2.6733584e-09,
          -0.04484212,
          0,
          -0.010990571,
          0.9694991,
          -0.2448482,
          0,
          0.043474395,
          0.24509476,
          0.96852386,
          0,
          0.021694958,
          0.08906605,
          0.42724246,
          1
        ]
      },
      {
        "date" : 779217562.366385,
        "title" : "Untitled",
        "transform" : [
          0.99899405,
          2.6733584e-09,
          -0.04484212,
          0,
          -0.010990571,
          0.9694991,
          -0.2448482,
          0,
          0.043474395,
          0.24509476,
          0.96852386,
          0,
          0.2716949,
          0.08906605,
          0.4272425,
          1
        ]
      },
      {
        "date" : 779217520.128877,
        "title" : "Untitled",
        "transform" : [
          0.99899405,
          2.6733584e-09,
          -0.04484212,
          0,
          -0.010990571,
          0.9694991,
          -0.2448482,
          0,
          0.043474395,
          0.24509476,
          0.96852386,
          0,
          0.021694839,
          0.08906604,
          0.42724246,
          1
        ]
      },
      {
        "date" : 779217497.144398,
        "title" : "Untitled",
        "transform" : [
          0.99899405,
          3.1390197e-09,
          -0.04484212,
          0,
          -0.010990572,
          0.9694991,
          -0.2448482,
          0,
          0.043474395,
          0.24509476,
          0.96852386,
          0,
          -0.22830509,
          0.089066036,
          0.4272425,
          1
        ]
      },
      {
        "date" : 779215021.35561,
        "title" : "Untitled",
        "transform" : [
          0.9989942,
          3.064418e-09,
          -0.044842124,
          0,
          -0.01099057,
          0.9694992,
          -0.24484822,
          0,
          0.043474406,
          0.24509476,
          0.968524,
          0,
          0.009072126,
          0.09608294,
          0.35322198,
          1
        ]
      },
      {
        "date" : 779215019.344788,
        "title" : "Untitled",
        "transform" : [
          0.97061837,
          2.8253777e-09,
          0.24062395,
          0,
          -0.01962952,
          0.996667,
          0.07918069,
          0,
          -0.23982197,
          -0.08157757,
          0.9673834,
          0,
          -0.094492316,
          -0.02331632,
          0.35299793,
          1
        ]
      },
      {
        "date" : 779215017.647057,
        "title" : "Untitled",
        "transform" : [
          0.97061837,
          3.4001766e-09,
          0.24062394,
          0,
          -0.019629518,
          0.996667,
          0.07918068,
          0,
          -0.23982196,
          -0.08157756,
          0.9673834,
          0,
          -0.3444923,
          -0.023316339,
          0.3529979,
          1
        ]
      },
      {
        "date" : 779214664.421042,
        "title" : "Untitled",
        "transform" : [
          0.9706184,
          5.206523e-09,
          0.24062394,
          0,
          -0.019629529,
          0.99666697,
          0.079180665,
          0,
          -0.23982196,
          -0.0815776,
          0.9673834,
          0,
          -0.22878207,
          0.228424,
          1.4511565,
          1
        ]
      },
      {
        "date" : 779214649.254587,
        "title" : "Untitled",
        "transform" : [
          0.9256628,
          6.114221e-09,
          -0.3783495,
          0,
          -0.09854906,
          0.96548164,
          -0.24110855,
          0,
          0.3652895,
          0.26047128,
          0.8937104,
          0,
          0.22217984,
          0.81848097,
          0.54119474,
          1
        ]
      },
      {
        "date" : 779214583.739762,
        "title" : "Untitled",
        "transform" : [
          0.9254908,
          1.5438255e-08,
          -0.37877014,
          0,
          -0.23451608,
          0.7852714,
          -0.57301927,
          0,
          0.2974373,
          0.6191517,
          0.72676134,
          0,
          0.17491788,
          0.9937387,
          0.42512602,
          1
        ]
      }
    ],
    "20745604-DECF-4F37-8881-1F01AE07047E" : [
      {
        "date" : 759437529.656566,
        "title" : "Untitled",
        "transform" : [
          0.62689173,
          -4.4175743e-09,
          -0.77910656,
          0,
          -0.11702053,
          0.9886559,
          -0.0941581,
          0,
          0.7702682,
          0.15019836,
          0.6197801,
          0,
          0.6323166,
          1.3608696,
          1.5032995,
          1
        ]
      },
      {
        "date" : 759437526.993782,
        "title" : "Untitled",
        "transform" : [
          0.9907856,
          -4.6066932e-09,
          -0.13544038,
          0,
          -0.04476915,
          0.94379026,
          -0.32749933,
          0,
          0.12782732,
          0.33054513,
          0.9350937,
          0,
          0.046575386,
          1.2285309,
          1.3264221,
          1
        ]
      },
      {
        "date" : 759437519.099944,
        "title" : "Untitled",
        "transform" : [
          0.99078554,
          -2.8268783e-09,
          -0.13544038,
          0,
          -0.044769138,
          0.94379026,
          -0.32749933,
          0,
          0.1278273,
          0.33054507,
          0.9350937,
          0,
          0.09409016,
          0.21124536,
          1.0173709,
          1
        ]
      },
      {
        "date" : 759437371.955752,
        "title" : "Untitled",
        "transform" : [
          0.99078554,
          -2.8268783e-09,
          -0.13544038,
          0,
          -0.044769138,
          0.94379026,
          -0.32749933,
          0,
          0.1278273,
          0.33054507,
          0.9350937,
          0,
          0.13206989,
          0.34151587,
          0.96612984,
          1
        ]
      },
      {
        "date" : 759437303.838036,
        "title" : "Untitled",
        "transform" : [
          0.87590724,
          2.5138434e-09,
          -0.48247957,
          0,
          -0.25718993,
          0.8460782,
          -0.46691,
          0,
          0.40821546,
          0.5330587,
          0.74108607,
          0,
          0.42176425,
          0.550751,
          0.765683,
          1
        ]
      },
      {
        "date" : 759437289.638574,
        "title" : "Untitled",
        "transform" : [
          0.9999779,
          1.5172869e-10,
          -0.0066524437,
          0,
          -0.00014973262,
          0.9997468,
          -0.022507433,
          0,
          0.006650759,
          0.022507891,
          0.9997247,
          0,
          0.006871498,
          0.023254838,
          1.0329057,
          1
        ]
      },
      {
        "date" : 759437283.401814,
        "title" : "Untitled",
        "transform" : [
          1,
          0,
          0,
          0,
          0,
          0.7071069,
          -0.70710677,
          0,
          0,
          0.70710677,
          0.7071069,
          0,
          0,
          0.7305757,
          0.7305759,
          1
        ]
      }
    ],
    "259CB978-DA76-4137-81C2-999BCD0F6ABF" : [
      {
        "date" : 758836907.385545,
        "title" : "Untitled",
        "transform" : [
          0.83116174,
          3.140984e-08,
          -0.55603063,
          0,
          -0.34188884,
          0.7886253,
          -0.5110599,
          0,
          0.43849972,
          0.6148741,
          0.65547526,
          0,
          0.6594765,
          1.20808,
          0.14075446,
          1
