{
  "advancedEditorSelectedIdentifier" : "ProjectBrowser",
  "openSceneRelativePaths" : [
    "JiggleLabs.usda",
    "Lab013Scene.usda"
  ],
  "recentIdentifiers" : {
    "2A0E68BB-1D35-4AF2-9835-3F346F1688E6" : [

    ],
    "4E7393D3-3FFC-4BFB-8AC2-9243FE94CF44" : [

    ],
    "835B1610-AB22-4775-95C9-44CD41AE334E" : [

    ],
    "90C235E0-C99C-42E7-9D0D-5E131743A0A7" : [

    ],
    "C5B50F83-0F34-4891-8072-A6408510F3B3" : [

    ],
    "EF7EEC0C-5DBF-4E32-8A84-4A83A2B4924D" : [

    ]
  },
  "sceneCameraHistory" : {
    "2A0E68BB-1D35-4AF2-9835-3F346F1688E6" : [
      {
        "date" : 753062386.607864,
        "title" : "Untitled",
        "transform" : [
          0.9997426,
          8.004386e-11,
          -0.022683708,
          0,
          -0.002988437,
          0.99128383,
          -0.13170986,
          0,
          0.02248599,
          0.1317438,
          0.9910287,
          0,
          0.23597062,
          1.2213674,
          0.45245793,
          1
        ]
      },
      {
        "date" : 751459318.032888,
        "title" : "Untitled",
        "transform" : [
          0.9997426,
          8.004386e-11,
          -0.022683708,
          0,
          -0.002988437,
          0.99128383,
          -0.13170986,
          0,
          0.02248599,
          0.1317438,
          0.9910287,
          0,
          1.0458955,
          1.5915027,
          0.022760391,
          1
        ]
      },
      {
        "date" : 751459306.129749,
        "title" : "Untitled",
        "transform" : [
          1,
          0,
          0,
          0,
          0,
          0.7071069,
          -0.7071067,
          0,
          0,
          0.7071067,
          0.7071069,
          0,
          1,
          2.261406,
          -1.1147647,
          1
        ]
      },
      {
        "date" : 751457486.593879,
        "title" : "Untitled",
        "transform" : [
          1,
          0,
          0,
          0,
          0,
          0.7071069,
          -0.7071067,
          0,
          0,
          0.7071067,
          0.7071069,
          0,
          1,
          1.8954985,
          -1.6045005,
          1
        ]
      },
      {
        "date" : 751457267.382462,
        "title" : "Untitled",
        "transform" : [
          1,
          0,
          0,
          0,
          0,
          0.7071069,
          -0.70710677,
          0,
          0,
          0.70710677,
          0.7071069,
          0,
          0.019679964,
          2.1952393,
          1.4623413,
          1
        ]
      }
    ],
    "4E7393D3-3FFC-4BFB-8AC2-9243FE94CF44" : [
      {
        "date" : 751922803.546989,
        "title" : "Untitled",
        "transform" : [
          -0.38184118,
          4.4806146e-08,
          -0.924228,
          0,
          -0.103682935,
          0.9936875,
          0.042836327,
          0,
          0.91839385,
          0.112183325,
          -0.3794307,
          0,
          5.4155626,
          1.3495502,
          -1.8488688,
          1
        ]
      },
      {
        "date" : 751922436.128454,
        "title" : "Untitled",
        "transform" : [
          0.5854302,
          4.4244402e-08,
          -0.8107228,
          0,
          -0.07345245,
          0.9958873,
          -0.05304053,
          0,
          0.8073884,
          0.090601094,
          0.58302253,
          0,
          3.5744503,
          1.2338597,
          3.1640954,
          1
        ]
      },
      {
        "date" : 751922418.079549,
        "title" : "Untitled",
        "transform" : [
          -0.5062195,
          3.988111e-08,
          -0.8624047,
          0,
          -0.15526175,
          0.9836605,
          0.091136605,
          0,
          0.84831345,
          0.18003356,
          -0.497948,
          0,
          4.22324,
          1.6571742,
          -1.9309647,
          1
        ]
      },
      {
        "date" : 751922414.032062,
        "title" : "Untitled",
        "transform" : [
          0.033645816,
          2.8703894e-08,
          -0.99943376,
          0,
          0.2438013,
          0.9697905,
          0.008207631,
          0,
          0.9692415,
          -0.24393944,
          0.03262951,
          0,
          4.2180495,
          -0.12646475,
          0.43160138,
          1
        ]
      },
      {
        "date" : 751922378.622056,
        "title" : "Untitled",
        "transform" : [
          0.8083847,
          2.8522233e-08,
          -0.58865446,
          0,
          -0.10641012,
          0.9835257,
          -0.14613026,
          0,
          0.57895666,
          0.18076824,
          0.7950672,
          0,
          2.0622363,
          1.6414433,
          3.3237116,
          1
        ]
      },
      {
        "date" : 751922371.618097,
        "title" : "Untitled",
        "transform" : [
          0.7447151,
          -5.1472e-09,
          -0.6673827,
          0,
          -0.6119149,
          0.39914575,
          -0.68281984,
          0,
          0.266383,
          0.9168875,
          0.29724985,
          0,
          1.4364452,
          5.036017,
          2.0365822,
          1
        ]
      },
      {
        "date" : 751922349.877276,
        "title" : "Untitled",
        "transform" : [
          0.80063224,
          -8.297089e-09,
          -0.5991562,
          0,
          -0.148925,
          0.968617,
          -0.19900341,
          0,
          0.58035284,
          0.24855778,
          0.775506,
          0,
          1.533565,
          1.3126022,
          2.3355732,
          1
        ]
      },
      {
        "date" : 751922334.202151,
        "title" : "Untitled",
        "transform" : [
          0.80063224,
          -8.297089e-09,
          -0.5991562,
          0,
          -0.148925,
          0.968617,
          -0.19900341,
          0,
          0.58035284,
          0.24855778,
          0.775506,
          0,
          1.5064887,
          1.3126022,
          2.3558357,
          1
        ]
      },
      {
        "date" : 751922331.686132,
        "title" : "Untitled",
        "transform" : [
          0.80063224,
          -8.297089e-09,
          -0.5991562,
          0,
          -0.148925,
          0.968617,
          -0.19900341,
          0,
          0.58035284,
          0.24855778,
          0.775506,
          0,
          1.0986598,
          1.2279809,
          1.9887909,
          1
        ]
      },
      {
        "date" : 751922286.099854,
        "title" : "Untitled",
        "transform" : [
          0.96012014,
          -4.9935975e-09,
          -0.27958742,
          0,
          -0.16802986,
          0.79925483,
          -0.57702476,
          0,
          0.22346157,
          0.60099214,
          0.76738083,
          0,
          0.62567973,
          1.7665575,
          2.1214585,
          1
        ]
      }
    ],
    "835B1610-AB22-4775-95C9-44CD41AE334E" : [
      {
        "date" : 753141218.028161,
        "title" : "Untitled",
        "transform" : [
          1,
          0,
          0,
          0,
          0,
          0.7071069,
          -0.70710677,
          0,
          0,
          0.70710677,
          0.7071069,
          0,
          -0.09382945,
          2.620812,
          1.0367687,
          1
        ]
      }
    ],
    "90C235E0-C99C-42E7-9D0D-5E131743A0A7" : [
      {
        "date" : 752537551.753999,
        "title" : "Untitled",
        "transform" : [
          0.69342643,
          2.9484596e-08,
          -0.72052735,
          0,
          -0.1152317,
          0.9871289,
          -0.1108975,
          0,
          0.7112534,
          0.15992685,
          0.6845013,
          0,
          4.4226985,
          3.4704762,
          4.226193,
          1
        ]
      },
      {
        "date" : 752537238.819151,
        "title" : "Untitled",
        "transform" : [
          0.69342643,
          2.7766184e-08,
          -0.7205274,
          0,
          -0.11523168,
          0.98712885,
          -0.11089749,
          0,
          0.71125335,
          0.15992685,
          0.68450123,
          0,
          0.097644426,
          0.89064443,
          -0.3340429,
          1
        ]
      },
      {
        "date" : 752537107.247486,
        "title" : "Untitled",
        "transform" : [
          0.68068916,
          2.542637e-08,
          -0.7325723,
          0,
          -0.33650252,
          0.8882586,
          -0.3126703,
          0,
          0.6507137,
          0.45934373,
          0.60462797,
          0,
          0.09190162,
          0.9262137,
          -0.3421612,
          1
        ]
      },
      {
        "date" : 752537043.697172,
        "title" : "Untitled",
        "transform" : [
          0.68068916,
          3.6909938e-08,
          -0.7325723,
          0,
          -0.33650255,
          0.8882586,
          -0.31267026,
          0,
          0.6507137,
          0.4593437,
          0.60462797,
          0,
          0.16508621,
          1.1488659,
          0.36521104,
          1
        ]
      },
      {
        "date" : 752536917.363823,
        "title" : "Untitled",
        "transform" : [
          0.6297746,
          4.0441275e-08,
          -0.7767779,
          0,
          -0.49364522,
          0.7720979,
          -0.40022394,
          0,
          0.5997487,
          0.6355036,
          0.48624754,
          0,
          0.1809145,
          1.2802244,
          0.32367575,
          1
        ]
      },
      {
        "date" : 752536902.348107,
        "title" : "Untitled",
        "transform" : [
          0.28795913,
          4.336908e-08,
          -0.9576427,
          0,
          -0.6846802,
          0.69916123,
          -0.20588036,
          0,
          0.66954666,
          0.71496403,
          0.20132975,
          0,
          0.37181422,
          1.3336827,
          0.2081569,
          1
        ]
      },
      {
        "date" : 752536825.248408,
        "title" : "Untitled",
        "transform" : [
          0.7456937,
          4.216196e-08,
          -0.6662889,
          0,
          -0.39133033,
          0.8093489,
          -0.4379669,
          0,
          0.5392602,
          0.58732814,
          0.6035263,
          0,
          0.09050611,
          1.2494915,
          0.34909916,
          1
        ]
      },
      {
        "date" : 752536793.814789,
        "title" : "Untitled",
        "transform" : [
          0.99794054,
          3.5686487e-08,
          -0.06414564,
          0,
          -0.03494104,
          0.838622,
          -0.54359204,
          0,
          0.053793933,
          0.54471385,
          0.8368948,
          0,
          0.024593526,
          0.24875379,
          0.20065421,
          1
        ]
      },
      {
        "date" : 752536696.897284,
        "title" : "Untitled",
        "transform" : [
          0.88137704,
          3.466659e-08,
          -0.47241342,
          0,
          -0.18154027,
          0.9232155,
          -0.33869782,
          0,
          0.4361394,
          0.3842826,
          0.813701,
          0,
          0.11001285,
          0.21115398,
          0.18054318,
          1
        ]
      },
      {
        "date" : 752536683.732915,
        "title" : "Untitled",
        "transform" : [
          0.8618103,
          3.1349593e-08,
          -0.5072307,
          0,
          -0.270965,
          0.8453552,
          -0.46038303,
          0,
          0.4287901,
          0.5342046,
          0.7285359,
          0,
          0.09757757,
          0.24367523,
          0.1427784,
          1
        ]
      }
    ],
    "EF7EEC0C-5DBF-4E32-8A84-4A83A2B4924D" : [
      {
        "date" : 754440553.506961,
        "title" : "Untitled",
        "transform" : [
          0.9880814,
          -8.497541e-09,
          -0.15393206,
          0,
          -0.10113754,
          0.75386703,
          -0.64919627,
          0,
          0.11604431,
          0.657027,
          0.74488205,
          0,
          0.54984856,
          2.1333592,
          0.021915674,
          1
        ]
      },
      {
        "date" : 754440524.988424,
        "title" : "Untitled",
        "transform" : [
          0.9880814,
          -8.497541e-09,
          -0.15393206,
          0,
          -0.10113754,
          0.75386703,
          -0.64919627,
          0,
          0.11604431,
          0.657027,
          0.74488205,
          0,
          0.24820381,
          2.0662813,
          0.12807465,
          1
        ]
      },
      {
        "date" : 754440514.671812,
        "title" : "Untitled",
        "transform" : [
          0.9880814,
          -8.497541e-09,
          -0.15393206,
          0,
          -0.10113754,
          0.75386703,
          -0.64919627,
          0,
          0.11604433,
          0.65702707,
          0.7448821,
          0,
          0.27909595,
          2.3283067,
          -0.10785866,
          1
        ]
      },
      {
        "date" : 754440163.018193,
        "title" : "Untitled",
        "transform" : [
          0.9997541,
          -9.435542e-09,
          -0.022182565,
          0,
          -0.005286792,
          0.97118413,
          -0.23827201,
          0,
          0.021543358,
          0.23833062,
          0.9709452,
          0,
          0.16505474,
          1.812344,
          0.19795704,
          1
        ]
      },
      {
        "date" : 754440157.732117,
        "title" : "Untitled",
        "transform" : [
          0.978732,
          -9.444136e-09,
          0.20514345,
          0,
          0.046674367,
          0.9737733,
          -0.22268175,
          0,
          -0.19976321,
          0.22752064,
          0.953063,
          0,
          -0.111644626,
          1.7989713,
          0.20749915,
          1
        ]
      },
      {
        "date" : 754439675.762932,
        "title" : "Untitled",
        "transform" : [
          1,
          0,
          0,
          0,
          0,
          0.7071069,
          -0.7071067,
          0,
          0,
          0.7071067,
          0.7071069,
          0,
          0.1347907,
          2.3710907,
          -0.16432208,
          1
        ]
      },
      {
        "date" : 754439670.913986,
        "title" : "Untitled",
        "transform" : [
          1,
          0,
          0,
          0,
          0,
          0.7071069,
          -0.7071067,
          0,
          0,
          0.7071067,
          0.7071069,
          0,
          -0.30000007,
          2.3533843,
          -0.14661574,
          1
        ]
      },
      {
        "date" : 754439665.870276,
        "title" : "Untitled",
        "transform" : [
          1,
          0,
          -0,
          0,
          -0,
          0.7071069,
          -0.7071067,
          0,
          0,
          0.7071067,
          0.7071069,
          0,
          -0.3,
          1.6874905,
          -0.8125096,
          1
        ]
      },
      {
        "date" : 754437911.931376,
        "title" : "Untitled",
        "transform" : [
          1,
          0,
          0,
          0,
          0,
          0.7071069,
          -0.7071067,
          0,
          0,
          0.7071067,
          0.7071069,
          0,
          0,
          0.70984745,
          0.7098462,
          1
        ]
      },
      {
        "date" : 754437762.539546,
        "title" : "Untitled",
        "transform" : [
          1,
          0,
          -0,
          0,
          -0,
          0.7071069,
          -0.7071067,
          0,
          0,
          0.7071067,
          0.7071069,
          0,
          0,
          0.10120964,
          0.10120946,
          1
        ]
      }
    ]
  },
  "sceneViewportBackgroundColors" : {

  },
  "selectedSceneRelativePath" : "JiggleLabs.usda"
}